1 51 56 38 29 65 59 41 25 72 10 62 37 75 64 17 5 9 3 8 19 77 34 40 67 39 33 45 44 42 20 74 73 18 71 55 27 22 43 48 63 50 21 47 52 28 2 6 68 78 31 57 36 15 23 26 12 69 7 30 13 61 58 14 54 16 60 49 66 24 4 76 35 53 46 11 32 79 70 80 
HLB: 3
SLF Integral: 4

1 21 28 16 20 57 9 65 78 49 2 63 55 53 37 5 7 70 14 39 54 75 6 47 4 17 3 19 45 12 30 77 29 69 22 60 44 48 58 66 32 25 71 56 11 35 15 61 34 67 31 79 41 18 73 26 74 46 51 50 68 10 52 38 64 36 23 27 8 33 13 40 72 43 59 76 42 24 62 80 
HLB: 2
SLF Integral: 4

1 75 41 77 31 60 46 54 13 29 72 53 51 4 12 49 48 70 22 19 9 63 39 15 71 16 50 36 28 17 40 20 8 65 14 37 35 45 64 24 5 52 68 6 73 42 74 69 66 43 78 7 58 33 62 21 38 27 23 79 11 2 57 34 3 47 59 25 44 56 26 55 10 18 76 32 61 67 30 80 
HLB: 3
SLF Integral: 4

1 5 36 8 76 70 53 64 16 57 43 33 65 31 21 17 42 40 14 2 7 23 73 75 45 34 62 30 58 10 19 44 18 52 49 66 41 71 12 15 59 11 27 67 63 9 25 61 4 78 38 72 24 29 48 20 79 50 46 26 39 69 13 37 60 35 68 51 22 56 55 54 3 6 77 74 32 47 28 80 
HLB: 4
SLF Integral: 5

1 41 47 68 35 5 60 20 14 50 31 48 58 37 29 36 33 13 18 42 53 79 30 3 10 51 24 54 22 73 75 9 39 63 67 27 32 69 77 17 21 40 66 52 2 64 44 38 11 62 6 61 78 8 7 4 57 71 46 72 19 16 28 59 12 70 49 15 55 76 25 34 56 45 43 23 74 26 65 80 
HLB: 3
SLF Integral: 4

1 7 12 29 32 71 31 34 58 63 50 79 27 22 35 21 10 72 5 15 56 52 9 51 4 28 23 54 3 78 60 33 64 57 48 40 42 77 53 61 45 14 62 69 46 20 47 24 43 75 8 13 65 67 66 30 26 49 41 36 18 55 37 11 44 74 73 16 6 17 59 68 70 76 19 25 38 2 39 80 
HLB: 3
SLF Integral: 4

1 3 5 27 56 42 72 61 51 37 11 46 65 28 44 69 20 64 66 15 14 49 52 18 29 24 54 13 60 43 34 12 25 40 57 21 30 50 67 19 17 10 9 23 22 4 63 31 78 48 55 77 45 75 2 8 38 58 39 36 35 71 59 53 74 62 73 6 68 26 16 32 41 79 33 47 76 70 7 80 
HLB: 3
SLF Integral: 5

1 21 43 64 5 63 44 76 46 37 42 49 12 69 57 55 75 15 13 2 30 68 54 7 77 34 8 33 56 35 20 36 31 16 19 66 18 6 28 73 45 14 24 47 53 39 11 41 79 60 10 17 22 74 25 29 51 61 72 40 50 38 4 78 9 71 65 48 70 32 67 27 59 62 26 58 23 52 3 80 
HLB: 3
SLF Integral: 5

1 75 51 33 22 41 23 17 71 56 65 53 24 54 63 2 38 12 21 36 73 3 76 67 72 25 50 15 40 52 37 57 77 27 61 64 42 14 58 39 20 59 46 45 55 43 47 31 9 68 32 6 19 49 34 44 4 7 28 30 69 18 5 66 11 62 29 60 70 10 79 13 26 78 16 35 74 8 48 80 
HLB: 2
SLF Integral: 4

1 42 67 27 22 11 72 57 26 76 38 47 19 4 46 48 62 5 24 64 31 25 17 55 21 35 43 8 29 32 73 41 2 28 54 68 63 75 60 77 61 37 69 65 14 9 70 78 71 13 15 36 6 52 56 30 7 59 18 58 33 51 39 10 12 74 53 79 49 44 20 40 45 3 16 34 66 23 50 80 
HLB: 3
SLF Integral: 4

1 3 21 62 79 55 45 73 71 24 19 63 7 27 48 26 5 23 67 8 34 33 44 38 56 43 72 14 29 40 64 6 49 39 68 9 78 57 2 35 60 10 53 50 17 61 20 18 59 31 12 75 13 52 46 41 51 66 58 42 76 32 30 15 70 28 74 16 47 25 22 54 69 11 36 4 77 65 37 80 
HLB: 3
SLF Integral: 4

1 11 70 79 51 5 19 78 57 43 72 32 45 47 25 63 74 7 6 56 76 18 58 53 37 28 16 15 44 30 40 71 35 17 27 49 34 12 54 52 23 8 10 67 59 42 31 39 73 9 68 65 20 26 41 77 50 38 22 2 60 75 21 36 3 33 62 14 13 4 64 66 69 29 24 55 48 61 46 80 
HLB: 3
SLF Integral: 4

1 26 72 54 20 10 40 64 39 52 14 63 61 56 4 16 74 65 45 42 76 68 71 78 70 7 66 38 17 58 57 51 46 37 21 15 30 59 34 44 29 50 22 60 47 13 67 12 6 36 77 18 73 62 49 23 35 48 19 33 32 55 75 27 2 43 41 5 9 69 11 25 24 8 28 53 79 31 3 80 
HLB: 3
SLF Integral: 4

1 43 35 15 40 3 45 39 48 18 65 9 22 71 19 13 68 21 24 67 16 5 32 49 38 52 28 30 74 60 41 17 31 46 44 72 6 11 56 58 27 36 47 66 8 23 62 42 69 20 63 78 12 4 79 10 2 73 54 25 53 29 77 61 50 75 26 64 55 14 59 76 51 34 70 57 33 37 7 80 
HLB: 2
SLF Integral: 4

1 7 20 13 44 66 15 70 78 42 46 19 60 41 30 65 75 52 48 14 37 59 36 26 76 11 73 45 49 5 34 4 61 31 23 79 24 28 68 27 53 29 32 55 6 3 39 38 47 77 64 9 2 16 12 10 21 35 25 8 18 74 51 71 33 62 17 63 57 50 40 56 43 22 72 54 69 58 67 80 
HLB: 2
SLF Integral: 4

1 35 44 10 21 51 77 15 25 12 48 54 37 73 22 9 58 20 23 4 67 79 56 33 32 17 47 69 55 52 39 27 68 14 42 28 34 19 75 64 74 61 26 78 70 76 38 62 6 8 50 65 5 31 49 18 72 36 29 11 13 59 24 53 41 43 16 3 30 60 63 40 2 7 71 46 66 57 45 80 
HLB: 3
SLF Integral: 4

1 65 15 3 66 17 27 5 48 11 50 14 22 10 70 38 26 7 36 72 28 79 8 56 59 55 53 68 61 20 69 41 23 45 31 75 46 13 60 78 43 64 73 32 35 52 51 76 39 24 77 58 34 67 37 40 74 4 25 9 12 19 63 71 49 29 18 21 33 57 47 54 62 42 16 2 44 6 30 80 
HLB: 3
SLF Integral: 4

1 73 46 15 67 4 53 61 10 6 62 2 18 51 22 33 75 42 70 28 17 49 8 66 11 44 58 45 31 79 78 71 14 20 72 24 23 41 69 60 3 40 12 32 13 29 47 27 21 16 48 65 30 55 68 74 76 34 54 39 37 19 35 77 52 26 64 56 38 9 36 5 43 7 57 25 63 50 59 80 
HLB: 3
SLF Integral: 4

1 22 21 65 44 8 69 51 33 38 13 55 74 60 47 54 37 9 63 70 78 53 46 6 59 67 17 5 71 20 64 19 79 39 16 36 34 12 14 52 76 23 61 31 26 15 72 66 41 28 40 7 57 42 56 25 77 24 50 29 4 58 11 43 32 30 2 73 49 45 68 3 27 48 35 75 10 18 62 80 
HLB: 3
SLF Integral: 4

1 75 11 76 59 17 77 58 70 56 16 42 36 55 35 9 12 72 46 60 78 63 26 79 73 67 13 10 43 39 38 51 30 3 49 44 25 48 19 29 20 52 21 53 23 69 41 31 14 62 65 24 33 57 45 66 7 34 47 28 50 61 2 6 40 74 32 8 64 4 27 15 18 5 54 71 68 37 22 80 
HLB: 3
SLF Integral: 4

1 57 12 18 58 53 34 68 14 6 40 3 49 46 55 65 13 69 54 51 60 4 43 76 27 47 5 39 19 78 2 20 56 32 23 9 11 29 50 74 73 41 25 70 15 75 7 36 33 45 21 63 37 66 52 8 31 38 59 77 44 28 79 48 26 16 30 61 24 72 67 62 42 71 17 10 64 22 35 80 
HLB: 3
SLF Integral: 4

1 27 24 11 44 14 66 77 53 29 7 22 13 63 75 71 30 8 43 78 67 57 12 9 60 41 40 69 10 74 26 42 61 55 68 73 62 34 3 54 33 5 28 38 64 6 19 16 4 25 70 65 51 47 15 37 17 49 72 58 32 56 46 76 45 36 50 18 59 35 31 20 79 52 23 2 48 21 39 80 
HLB: 3
SLF Integral: 4

1 44 30 50 10 79 49 3 13 34 61 15 67 63 19 64 60 27 14 66 59 22 16 35 68 26 8 55 36 6 24 56 54 42 69 52 31 43 73 40 48 25 46 12 18 28 78 37 11 72 4 32 41 7 39 74 5 9 62 71 58 77 57 76 21 53 65 47 70 23 33 75 38 45 2 51 20 29 17 80 
HLB: 3
SLF Integral: 5

1 15 65 68 61 79 25 18 5 23 30 66 42 26 3 54 57 41 27 59 39 32 47 35 44 74 24 36 33 70 63 37 8 55 16 31 60 48 13 10 72 58 43 73 49 64 21 77 12 69 11 51 14 17 56 71 67 6 46 28 34 53 4 62 20 50 78 52 2 38 29 40 22 76 75 9 45 7 19 80 
HLB: 3
SLF Integral: 5

1 38 22 27 47 66 26 44 59 53 72 74 64 55 71 75 13 41 11 25 14 77 24 8 39 34 46 4 3 18 35 48 9 33 20 58 50 42 65 61 28 5 36 68 57 69 23 16 49 37 12 70 51 63 67 7 76 45 30 79 6 17 2 52 15 60 31 62 73 43 21 56 19 78 54 29 32 10 40 80 
HLB: 2
SLF Integral: 4

1 18 60 68 53 59 50 64 72 76 73 78 25 42 35 32 70 75 63 67 62 13 47 36 4 11 79 52 61 10 7 28 66 34 37 69 22 9 49 41 55 54 6 38 8 14 20 40 30 29 17 5 26 24 23 16 51 77 39 74 27 3 15 57 21 71 19 45 33 65 58 56 12 2 48 44 46 31 43 80 
HLB: 3
SLF Integral: 5

1 8 35 76 18 63 25 27 52 51 53 21 23 68 29 56 44 64 74 37 33 39 46 75 2 6 65 73 5 42 13 70 41 9 26 66 62 19 58 10 12 72 54 48 15 22 59 36 34 60 24 38 79 47 7 61 11 43 30 67 40 17 77 20 78 32 14 50 57 3 45 69 31 49 55 71 16 4 28 80 
HLB: 2
SLF Integral: 4

1 35 50 55 78 12 40 63 34 10 57 2 64 3 74 6 14 7 5 47 59 22 30 79 72 70 4 46 45 8 20 13 43 11 67 76 31 29 37 39 33 60 49 62 25 23 32 38 69 16 73 24 71 18 51 41 21 66 42 68 75 15 52 36 61 9 56 27 19 44 26 58 17 28 77 54 53 48 65 80 
HLB: 3
SLF Integral: 4

1 66 18 53 10 36 41 4 15 47 9 12 76 7 28 49 16 13 51 21 25 63 69 19 54 79 40 14 32 70 37 34 38 3 72 50 23 35 68 65 58 57 55 33 27 5 56 78 64 48 74 30 67 42 6 52 24 17 2 29 45 31 46 11 43 20 26 8 71 62 61 44 59 39 73 75 22 60 77 80 
HLB: 3
SLF Integral: 4

1 32 67 9 60 19 57 22 49 79 56 14 29 48 71 13 10 40 75 45 58 54 27 39 72 24 33 47 31 26 7 51 5 3 43 76 17 28 12 23 16 42 2 63 77 65 62 6 66 53 78 35 64 74 73 46 18 25 61 69 8 44 55 68 30 20 4 11 36 70 52 37 34 15 50 21 38 59 41 80 
HLB: 3
SLF Integral: 4

1 59 46 32 69 12 51 28 14 26 63 15 50 39 64 16 18 31 24 10 7 68 79 20 19 37 57 61 54 25 58 67 5 8 21 11 41 17 9 40 13 47 36 70 4 2 29 53 56 74 3 77 72 27 45 44 76 78 23 55 73 34 49 48 65 75 35 62 22 60 66 33 42 52 38 6 30 43 71 80 
HLB: 2
SLF Integral: 4

1 65 72 76 7 60 79 40 68 37 47 16 75 54 3 71 28 31 20 29 24 6 59 8 4 45 52 13 49 56 27 57 63 10 50 61 48 34 5 53 74 78 55 70 42 66 12 62 14 58 67 73 2 23 69 41 15 77 64 21 44 17 35 46 26 33 32 43 25 22 38 19 9 39 51 36 18 30 11 80 
HLB: 2
SLF Integral: 4

1 41 36 39 14 34 75 61 13 57 59 21 70 66 8 64 15 63 23 71 58 77 3 16 74 43 56 6 38 28 9 49 68 50 35 73 19 31 24 53 44 78 27 52 62 18 2 4 25 72 45 79 37 5 11 76 12 7 67 17 69 65 20 47 51 46 30 54 42 29 60 48 33 32 10 22 26 40 55 80 
HLB: 3
SLF Integral: 4

1 30 67 53 8 72 48 10 6 63 59 43 38 34 61 74 52 22 2 9 44 5 16 3 69 14 25 18 12 70 37 56 41 27 58 55 76 79 13 15 49 36 40 51 46 33 42 64 32 50 75 23 65 7 45 78 19 54 62 47 77 71 17 35 39 60 4 21 20 29 31 68 11 66 24 28 57 26 73 80 
HLB: 2
SLF Integral: 4

1 42 12 45 52 20 36 54 37 18 47 28 31 68 25 57 39 77 79 51 67 2 14 38 33 58 78 29 74 64 16 8 59 34 30 9 56 3 69 26 50 75 44 60 4 10 66 13 61 40 72 63 48 71 65 24 19 62 73 35 21 6 41 17 55 7 76 27 11 15 32 43 70 46 23 53 49 22 5 80 
HLB: 3
SLF Integral: 4

1 33 24 22 29 66 73 56 9 65 37 35 4 18 13 77 2 20 6 14 70 10 40 16 63 75 26 5 79 71 64 58 69 54 76 47 51 44 27 61 45 23 7 15 50 60 59 38 17 78 57 31 46 39 30 11 41 74 3 48 8 32 42 52 43 72 55 25 67 62 12 28 68 36 19 49 53 21 34 80 
HLB: 3
SLF Integral: 4

1 57 55 53 71 41 78 10 6 31 72 52 7 24 47 8 39 77 54 70 58 44 79 73 23 25 61 2 30 19 5 15 43 50 37 67 66 27 42 56 49 68 14 9 75 40 22 48 51 32 45 59 36 60 34 20 29 65 63 18 21 38 64 62 13 11 16 26 28 76 35 17 4 46 69 74 33 12 3 80 
HLB: 3
SLF Integral: 5

1 34 72 66 71 54 68 65 53 67 18 70 45 69 14 7 39 3 63 30 9 17 10 58 73 20 42 55 36 15 57 79 4 19 21 38 41 28 48 47 26 50 12 78 8 59 52 25 37 77 51 32 44 40 61 60 56 5 29 76 43 24 6 75 74 31 49 33 64 2 11 22 16 23 46 27 13 62 35 80 
HLB: 3
SLF Integral: 5

1 13 18 29 5 64 37 2 39 4 69 48 36 46 66 50 34 79 71 78 17 74 19 24 61 47 70 73 41 10 31 6 76 23 35 68 51 14 3 56 28 57 44 67 11 27 63 8 26 30 54 43 9 33 53 72 75 42 55 40 77 58 7 21 59 45 12 16 20 32 22 49 25 15 62 60 38 52 65 80 
HLB: 3
SLF Integral: 4

1 13 8 32 6 12 38 15 76 10 43 20 39 42 58 45 29 44 73 52 54 35 22 27 34 62 33 4 24 51 65 61 36 21 46 70 57 41 47 31 75 9 30 18 72 40 74 68 26 3 77 17 67 50 71 48 69 16 64 23 2 49 37 14 28 25 11 63 66 60 59 55 7 78 19 79 53 5 56 80 
HLB: 3
SLF Integral: 5

1 38 54 34 62 73 61 24 58 11 23 9 7 21 12 68 18 51 43 31 78 57 29 65 50 45 14 16 64 39 4 6 48 25 67 66 77 72 46 42 69 74 40 27 49 44 19 2 33 53 28 70 56 13 60 41 63 79 35 55 36 75 47 3 22 30 20 15 37 71 26 52 17 59 76 32 10 8 5 80 
HLB: 3
SLF Integral: 4

1 55 52 14 9 35 17 36 60 42 66 41 54 78 31 68 63 65 44 69 29 75 51 62 45 48 22 37 74 64 73 56 30 16 57 49 58 79 4 72 8 50 21 26 70 27 6 40 47 18 67 13 15 25 46 23 12 43 10 34 32 77 2 19 33 5 61 53 76 59 24 7 39 28 38 20 11 71 3 80 
HLB: 2
SLF Integral: 4

1 22 20 4 42 7 16 67 62 26 36 69 76 44 65 57 63 53 51 37 70 39 13 66 60 33 11 32 12 3 35 47 74 56 30 58 29 34 79 52 25 6 49 78 46 72 23 55 19 38 59 18 21 27 41 61 68 5 71 24 73 31 45 48 10 17 50 77 15 8 2 43 54 14 9 64 75 28 40 80 
HLB: 3
SLF Integral: 4

1 16 48 25 27 45 15 55 3 12 30 62 71 68 72 54 29 57 8 41 75 19 23 44 7 31 22 36 38 47 51 17 4 69 11 24 40 5 50 26 53 6 70 61 35 13 43 20 42 52 77 2 65 60 59 79 67 46 21 63 32 34 18 9 14 76 64 58 73 49 56 74 28 33 78 66 37 10 39 80 
HLB: 2
SLF Integral: 4

1 5 69 49 35 60 29 75 14 25 19 9 31 27 61 65 48 72 76 68 62 73 18 17 79 77 66 46 20 67 57 23 30 56 26 11 22 78 55 43 33 2 36 8 12 50 41 70 59 4 52 42 32 53 13 3 15 38 54 28 37 10 7 40 51 47 64 45 39 34 21 58 6 63 44 24 74 16 71 80 
HLB: 3
SLF Integral: 4

1 29 3 23 35 25 79 53 43 46 67 30 39 14 56 20 22 64 50 6 77 66 41 74 34 60 59 54 62 37 47 49 17 42 19 71 45 58 63 38 10 27 65 31 52 73 21 44 9 68 78 11 36 72 32 26 4 40 18 75 51 15 70 12 57 48 5 8 7 16 69 33 24 55 13 61 28 2 76 80 
HLB: 3
SLF Integral: 4

1 7 27 19 73 65 30 51 64 22 53 11 26 18 49 74 35 45 38 40 52 12 8 63 37 43 54 66 39 3 57 2 9 32 75 34 23 71 60 17 6 77 16 59 72 46 10 36 14 76 62 5 68 41 79 67 24 61 48 21 13 56 4 33 58 28 69 31 47 15 50 29 78 42 25 20 70 44 55 80 
HLB: 3
SLF Integral: 4

1 36 52 78 44 23 60 26 10 12 61 39 64 24 53 72 67 43 56 79 54 16 7 18 55 35 34 8 13 31 3 25 19 6 66 42 69 49 22 65 14 58 47 38 59 37 46 11 27 30 2 32 4 75 20 33 74 70 76 51 50 15 28 9 73 62 40 17 48 29 57 45 5 68 71 77 63 21 41 80 
HLB: 3
SLF Integral: 4

1 21 7 46 27 31 30 63 38 4 14 24 73 39 19 3 5 75 28 62 43 32 56 77 15 18 33 36 11 47 17 70 40 51 25 10 8 12 37 78 54 60 6 57 41 13 65 71 76 45 72 20 29 34 66 35 53 9 2 52 50 48 22 68 74 58 26 79 55 67 64 61 44 23 42 16 49 59 69 80 
HLB: 3
SLF Integral: 5

1 47 36 19 10 50 15 49 62 17 24 54 73 66 26 4 22 64 71 44 11 7 9 76 13 59 52 61 30 2 56 37 35 75 38 43 5 20 42 67 3 55 39 74 14 69 79 68 27 51 29 8 33 18 77 45 34 23 32 57 21 65 48 53 72 46 28 31 16 58 12 6 78 40 60 41 63 25 70 80 
HLB: 2
SLF Integral: 4

1 78 75 31 16 62 12 42 77 29 37 61 48 5 25 73 58 69 28 7 17 23 40 53 33 35 52 22 54 79 76 36 11 19 56 3 39 64 47 2 46 4 30 51 67 15 34 27 50 43 6 68 65 13 8 63 14 21 24 66 59 10 45 41 26 60 55 38 9 18 57 49 70 20 71 44 74 72 32 80 
HLB: 3
SLF Integral: 4

1 45 38 67 23 6 24 63 61 42 8 27 14 47 12 40 4 17 35 15 34 73 48 74 20 16 76 25 7 2 46 75 62 52 18 65 10 79 64 43 41 77 68 70 55 33 19 36 44 26 56 30 72 69 53 13 11 59 57 9 32 39 31 29 5 28 21 66 49 71 37 50 60 3 58 22 54 78 51 80 
HLB: 3
SLF Integral: 4

1 73 53 28 79 43 70 76 64 38 75 4 35 12 66 2 32 14 42 15 30 55 5 36 9 59 48 26 78 50 39 56 11 23 22 68 77 46 41 37 54 67 58 3 72 69 63 57 71 52 31 24 51 45 10 47 62 29 65 13 34 19 18 17 74 20 44 61 16 27 33 6 8 40 60 21 25 7 49 80 
HLB: 3
SLF Integral: 4

1 76 21 55 64 59 39 78 50 45 3 51 2 9 6 29 53 10 7 32 79 16 47 72 28 71 57 20 61 52 36 60 33 17 44 74 25 70 27 19 35 58 8 18 41 24 42 65 34 68 67 66 40 13 11 14 54 46 56 38 37 43 5 22 63 62 15 49 4 73 48 69 31 75 30 12 77 26 23 80 
HLB: 4
SLF Integral: 4

1 69 17 24 9 36 41 60 70 21 53 13 42 11 3 5 14 65 30 46 77 55 15 2 50 57 73 29 6 37 49 79 44 68 4 20 58 74 32 12 28 48 63 23 22 25 39 64 78 56 16 40 76 19 66 35 18 26 43 51 7 61 72 71 33 52 34 8 54 38 62 45 67 27 47 31 75 59 10 80 
HLB: 3
SLF Integral: 4

1 20 63 4 33 73 46 66 45 5 58 78 65 3 31 21 10 54 22 18 50 34 28 79 36 16 76 2 37 32 70 68 75 57 13 35 53 39 44 67 23 38 61 55 19 11 30 26 60 24 9 17 27 56 12 6 51 43 8 59 25 64 7 14 69 29 62 77 40 47 72 74 71 52 41 15 49 42 48 80 
HLB: 3
SLF Integral: 4

1 67 44 65 72 3 69 5 10 14 33 49 27 45 9 29 19 18 16 34 61 24 56 79 58 23 55 64 22 2 21 75 47 8 17 38 4 76 42 73 51 7 74 57 48 62 43 30 70 37 39 15 40 31 11 53 60 52 35 41 78 25 54 20 46 68 50 77 66 13 63 26 71 12 32 28 36 59 6 80 
HLB: 3
SLF Integral: 4

1 52 45 41 17 7 34 27 61 76 21 70 12 43 62 60 29 35 48 11 19 32 58 3 65 55 44 77 69 75 40 24 49 71 73 50 74 23 72 15 37 51 66 5 68 63 59 54 25 10 9 33 78 36 20 8 47 26 38 14 22 39 53 79 2 46 18 4 56 42 67 28 31 57 64 13 30 6 16 80 
HLB: 3
SLF Integral: 4

1 43 67 50 28 68 76 34 66 74 4 52 72 30 58 49 65 53 12 27 75 11 38 24 57 17 9 14 20 45 26 3 18 73 22 64 46 13 39 70 31 35 6 33 59 62 41 77 37 42 44 2 19 61 5 78 55 79 29 16 32 54 15 71 51 8 25 48 10 23 60 69 56 47 63 40 7 21 36 80 
HLB: 2
SLF Integral: 4

1 52 11 33 68 10 21 31 19 4 43 29 7 40 64 3 18 36 53 75 65 60 47 55 23 72 17 9 24 14 45 67 66 71 46 13 78 56 69 8 6 57 32 51 63 48 15 2 27 50 30 26 61 12 49 28 58 22 39 62 73 38 35 5 16 77 79 74 41 37 44 42 76 25 54 20 34 70 59 80 
HLB: 3
SLF Integral: 4

1 76 12 79 39 29 3 17 46 36 34 13 57 38 64 32 40 48 60 55 41 9 18 25 28 61 59 37 27 56 70 21 5 11 2 69 19 47 26 44 35 73 15 67 6 58 42 74 63 22 77 53 8 68 52 66 51 24 14 75 43 71 4 7 78 31 50 33 54 20 30 62 65 45 49 16 10 72 23 80 
HLB: 3
SLF Integral: 4

1 28 53 55 33 12 42 71 31 63 40 76 44 21 9 16 74 57 6 26 36 5 34 64 4 60 77 38 62 20 49 17 24 18 56 54 50 45 15 37 78 3 59 25 11 35 70 58 47 52 72 51 46 8 39 23 69 30 67 27 41 32 79 22 10 66 29 65 43 68 19 7 75 14 61 2 73 48 13 80 
HLB: 3
SLF Integral: 5

1 15 32 65 20 2 79 27 62 71 39 5 19 18 29 54 35 8 74 63 22 78 48 4 46 66 45 38 10 49 51 55 21 76 7 64 67 30 56 24 50 34 69 9 36 70 53 3 72 60 6 58 14 23 43 59 57 28 37 52 12 61 17 68 31 16 13 77 11 47 44 75 33 73 41 40 26 25 42 80 
HLB: 3
SLF Integral: 5

1 10 27 11 52 33 25 78 74 4 63 60 71 46 19 29 62 47 54 45 41 3 70 50 35 15 61 6 38 42 18 37 16 5 75 65 14 17 59 58 2 76 21 39 12 67 57 49 7 9 13 28 53 23 48 24 44 73 30 36 56 79 31 40 64 77 72 26 66 69 43 34 55 68 51 8 22 20 32 80 
HLB: 3
SLF Integral: 4

1 46 51 71 78 75 47 5 55 7 61 50 24 31 28 33 14 22 58 21 18 67 72 41 25 69 2 11 6 48 27 4 40 74 63 66 10 17 45 49 32 20 42 52 76 16 26 65 39 53 12 73 34 9 57 35 70 77 79 30 23 68 60 56 13 44 54 37 62 29 36 64 3 15 38 19 59 8 43 80 
HLB: 3
SLF Integral: 4

1 69 44 55 72 25 7 31 59 30 9 57 54 14 68 13 8 51 35 4 50 74 26 39 41 3 56 71 60 21 49 79 47 63 16 70 15 62 78 75 11 45 2 28 43 18 36 46 27 5 53 37 32 42 23 22 52 19 76 12 6 66 24 61 64 29 58 67 17 33 20 34 38 77 73 48 10 65 40 80 
HLB: 3
SLF Integral: 4

1 49 74 37 11 19 2 26 57 13 46 31 53 6 36 18 39 12 15 59 7 58 28 56 78 3 52 16 69 68 5 25 17 64 42 45 67 32 63 77 54 75 27 61 8 71 73 9 51 65 29 33 60 79 38 44 35 72 62 66 10 48 76 20 47 70 43 4 55 14 30 24 23 34 50 41 22 40 21 80 
HLB: 3
SLF Integral: 4

1 21 60 57 18 38 58 46 55 70 32 45 37 62 22 16 19 17 5 50 20 26 59 52 41 10 40 67 27 3 68 51 77 42 31 44 24 2 43 65 34 73 75 13 74 53 7 54 56 11 8 15 4 12 47 69 6 79 9 29 78 14 28 66 23 35 61 30 36 72 63 25 71 64 48 39 49 76 33 80 
HLB: 3
SLF Integral: 4

1 48 35 65 69 50 74 62 36 73 63 75 53 17 30 25 55 21 51 12 7 56 61 58 11 28 26 41 59 9 42 54 4 72 31 45 79 39 71 3 13 40 70 16 66 24 60 15 22 43 18 64 38 76 27 57 6 44 37 67 8 32 20 46 19 68 2 34 29 10 47 5 52 33 77 14 78 23 49 80 
HLB: 3
SLF Integral: 4

1 60 73 41 37 72 12 4 9 31 24 75 23 50 22 26 16 10 52 13 6 17 8 18 2 57 69 43 71 68 46 20 38 58 15 35 29 65 51 70 56 42 59 66 28 67 3 40 44 14 21 32 74 47 39 48 11 63 53 77 30 33 5 61 49 34 25 36 45 27 64 55 62 78 54 79 7 76 19 80 
HLB: 3
SLF Integral: 4

1 65 42 51 48 50 58 54 53 7 11 2 73 20 63 9 46 15 17 8 27 38 41 37 32 6 10 35 33 74 13 45 72 36 12 43 31 75 78 62 61 49 60 18 57 79 19 68 24 55 66 21 29 4 77 23 67 76 52 40 26 14 44 34 5 47 69 25 59 3 56 16 30 28 39 71 64 70 22 80 
HLB: 3
SLF Integral: 4

1 71 28 5 66 27 77 25 37 3 43 51 54 40 33 7 16 42 24 74 56 34 45 2 41 49 48 47 73 39 29 32 8 55 76 67 63 12 30 19 50 62 9 26 38 18 36 64 13 15 10 68 60 65 23 69 75 79 20 53 58 46 31 22 11 6 44 57 21 72 61 52 59 4 70 17 14 35 78 80 
HLB: 3
SLF Integral: 4

1 24 77 58 8 38 78 61 15 4 9 7 71 43 5 28 22 26 16 54 70 46 30 3 72 21 66 56 51 79 39 45 32 74 44 59 29 73 14 20 65 34 67 10 76 68 75 19 23 64 25 42 41 55 40 48 31 69 17 52 12 53 2 36 27 6 33 13 37 50 18 60 11 63 35 47 57 62 49 80 
HLB: 2
SLF Integral: 4

1 43 7 69 54 12 56 60 35 44 29 37 11 20 16 45 67 79 8 63 70 68 30 2 48 47 17 36 24 71 18 5 15 46 13 41 3 73 25 34 53 31 42 55 4 9 27 59 6 52 51 28 38 33 39 23 75 49 26 22 62 66 72 14 61 10 77 64 40 21 57 32 58 76 65 50 19 74 78 80 
HLB: 3
SLF Integral: 4

1 25 54 20 48 9 2 76 11 53 44 14 6 61 75 36 79 33 60 55 17 24 43 50 26 23 45 3 42 37 30 38 68 41 35 5 73 40 74 70 78 32 19 8 66 46 71 28 16 58 22 18 10 29 39 51 62 15 65 4 69 77 52 21 56 59 49 67 47 34 64 63 27 7 31 57 13 12 72 80 
HLB: 3
SLF Integral: 4

1 56 44 69 76 34 72 70 46 35 28 43 18 22 48 62 65 37 73 17 29 16 6 9 32 11 47 77 27 10 71 45 12 60 75 3 42 54 23 58 38 52 30 26 66 78 61 36 79 13 59 24 7 41 63 67 14 20 25 21 2 55 57 31 51 68 50 53 8 5 40 15 49 64 39 19 74 4 33 80 
HLB: 3
SLF Integral: 4

1 19 36 66 51 27 22 24 43 61 35 14 12 7 68 30 69 11 57 63 72 55 13 25 41 71 42 40 28 46 37 5 79 64 45 32 29 65 53 76 3 70 15 67 20 34 74 17 10 6 75 54 59 44 58 38 4 60 50 2 8 21 78 48 77 49 18 33 9 52 56 62 16 47 73 31 23 26 39 80 
HLB: 3
SLF Integral: 4

1 35 66 32 47 2 17 52 11 44 56 22 54 8 50 79 45 72 43 39 78 77 13 71 55 62 23 30 16 12 5 15 27 14 24 46 58 4 10 75 19 53 57 40 34 18 48 76 3 38 41 70 33 63 6 61 64 25 9 73 42 21 29 59 36 20 37 67 49 74 69 65 68 51 28 60 31 26 7 80 
HLB: 3
SLF Integral: 5

1 36 18 46 68 10 27 71 25 15 4 72 64 63 33 20 43 54 65 6 11 75 52 5 32 47 13 31 76 29 62 40 69 24 37 53 39 73 2 8 56 17 19 12 23 51 41 45 44 58 30 60 14 26 21 28 48 70 66 3 57 79 35 42 49 67 7 34 55 38 16 77 61 9 59 74 22 50 78 80 
HLB: 3
SLF Integral: 4

1 39 66 12 54 40 57 29 43 53 73 34 4 58 72 78 71 64 33 55 59 19 31 42 44 46 76 24 45 7 11 67 65 5 18 60 23 3 77 41 17 70 52 6 14 13 15 25 30 47 56 27 2 79 74 37 49 16 68 62 36 28 21 38 50 35 8 10 75 51 9 69 32 26 48 22 61 20 63 80 
HLB: 3
SLF Integral: 4

1 12 75 8 52 67 14 16 79 5 25 40 29 42 31 70 38 10 57 21 47 26 66 36 4 55 3 64 61 7 48 19 24 27 23 6 9 45 2 63 35 37 13 78 54 46 74 32 22 11 69 60 41 34 58 68 20 77 39 51 43 65 18 28 30 71 62 15 72 17 76 73 49 33 53 50 59 56 44 80 
HLB: 3
SLF Integral: 5

1 59 16 63 9 29 50 8 33 23 6 66 40 45 51 15 61 69 55 34 57 44 72 47 58 71 19 36 21 7 32 46 79 12 60 11 38 22 24 27 31 25 74 30 41 10 68 78 70 75 37 39 2 62 56 14 4 73 54 76 17 28 49 3 5 64 67 20 13 42 52 26 48 35 77 65 18 53 43 80 
HLB: 2
SLF Integral: 4

1 45 48 23 57 70 46 20 25 78 62 24 34 61 69 73 49 18 56 60 68 44 22 38 35 6 2 54 42 36 76 32 5 74 9 66 4 8 12 27 72 19 11 31 52 71 53 29 7 10 47 33 79 21 16 39 65 28 15 26 37 41 14 51 50 13 3 55 58 43 30 75 77 17 67 64 59 63 40 80 
HLB: 3
SLF Integral: 4

1 46 75 44 63 51 23 8 3 25 5 9 37 62 16 77 76 72 39 42 49 4 24 35 32 12 73 54 59 29 17 22 19 74 66 34 61 11 55 53 27 26 30 41 56 43 2 36 69 65 13 18 58 52 20 33 64 38 10 50 67 7 40 28 71 31 57 60 79 21 78 14 48 15 6 70 68 45 47 80 
HLB: 4
SLF Integral: 4

1 17 46 3 9 56 78 42 13 6 34 58 62 68 35 18 43 40 22 76 60 47 65 50 19 55 61 38 20 59 14 41 44 24 28 5 53 79 52 54 37 10 29 64 12 23 31 51 8 67 27 74 15 4 48 26 57 63 49 69 72 77 7 45 73 33 66 32 70 25 36 21 39 71 2 75 16 30 11 80 
HLB: 2
SLF Integral: 4

1 4 42 46 79 55 34 47 71 57 7 72 44 37 13 5 18 16 11 36 59 14 75 67 53 12 2 25 51 58 33 64 68 28 26 60 69 41 54 24 50 49 22 66 17 29 19 65 31 23 62 76 35 77 61 21 3 63 43 70 38 32 73 9 74 6 45 20 78 8 48 40 39 10 52 15 27 30 56 80 
HLB: 3
SLF Integral: 4

1 58 11 4 17 10 77 30 46 68 55 38 72 47 43 19 60 76 48 21 52 54 36 16 14 74 3 62 8 20 25 49 59 27 42 65 24 78 6 37 35 69 79 50 26 13 41 5 31 66 73 9 61 29 34 64 56 45 53 15 44 33 40 2 23 28 75 63 39 67 12 18 22 57 51 71 70 32 7 80 
HLB: 3
SLF Integral: 4

1 56 12 14 11 34 23 53 4 31 61 52 40 78 74 26 17 24 75 7 21 77 64 68 70 76 50 35 60 3 22 44 15 47 5 48 8 49 79 69 45 41 9 13 62 28 42 54 16 37 58 43 57 39 2 65 46 32 67 66 30 71 59 63 18 20 38 33 73 36 27 51 6 10 29 19 25 55 72 80 
HLB: 3
SLF Integral: 4

1 36 69 76 68 71 20 24 7 33 50 4 40 44 34 61 64 73 25 60 28 57 46 48 78 9 17 52 6 75 63 10 5 32 16 77 26 39 30 38 21 3 79 35 58 65 72 2 41 55 37 62 23 8 67 27 66 51 42 18 14 54 59 43 45 49 12 47 56 22 53 19 29 70 31 15 13 11 74 80 
HLB: 2
SLF Integral: 4

1 42 64 78 5 67 75 59 46 19 32 55 24 62 38 50 4 22 70 6 23 76 29 71 44 12 79 16 21 63 17 10 60 35 53 15 30 58 37 66 40 57 20 31 56 3 77 45 7 72 34 69 61 26 13 43 28 51 27 41 9 25 47 36 39 11 54 48 18 68 65 73 52 33 74 8 49 2 14 80 
HLB: 3
SLF Integral: 4

1 68 58 41 30 76 22 14 40 2 8 60 9 42 5 47 7 28 77 20 35 75 73 67 39 19 72 17 10 59 6 21 32 27 36 12 65 51 69 23 49 71 34 48 4 54 18 78 24 45 43 61 53 11 37 44 74 13 26 66 56 33 63 29 3 46 52 25 70 79 15 50 55 57 16 38 62 31 64 80 
HLB: 3
SLF Integral: 4

1 67 32 27 70 24 64 69 9 2 8 50 77 10 46 5 52 72 60 26 61 45 31 63 6 55 75 42 68 13 40 11 34 36 16 62 53 74 14 4 18 54 78 21 19 28 41 57 73 58 48 66 3 25 39 30 29 47 20 7 37 23 79 35 49 38 22 71 76 65 12 17 56 59 43 15 33 51 44 80 
HLB: 3
SLF Integral: 4

1 72 71 40 19 66 70 18 49 77 29 7 23 15 28 44 21 42 4 68 36 75 17 69 31 16 74 61 43 13 57 78 59 79 60 54 9 76 58 14 62 35 22 52 8 39 2 30 24 20 56 67 38 64 25 6 27 5 37 45 41 33 55 47 73 53 48 50 26 32 11 10 65 51 3 63 12 46 34 80 
HLB: 3
SLF Integral: 4

1 49 35 39 3 40 6 22 50 54 36 66 73 51 42 37 43 46 45 41 18 79 63 32 48 56 20 68 4 78 74 13 27 53 21 24 60 52 16 71 11 65 29 2 34 44 8 72 58 38 15 28 69 76 61 33 77 14 25 10 64 23 57 9 12 75 62 17 31 70 59 19 5 47 26 55 30 7 67 80 
HLB: 3
SLF Integral: 4

1 29 23 47 46 4 76 21 49 64 72 68 60 67 14 61 19 73 10 17 50 22 40 32 2 63 20 65 59 58 16 12 69 7 42 78 77 18 39 38 45 33 56 34 8 53 52 44 30 15 31 55 43 3 74 70 54 51 57 37 6 62 13 48 5 35 71 24 41 79 27 75 11 66 25 36 28 9 26 80 
HLB: 3
SLF Integral: 4

1 78 59 43 16 41 46 34 62 35 2 22 39 20 54 71 65 36 30 7 9 12 44 3 58 57 50 28 32 25 21 55 40 17 75 5 60 67 14 13 47 11 15 27 61 51 73 72 10 70 45 66 69 29 37 4 48 19 79 8 68 33 6 23 42 38 77 26 31 76 53 24 56 18 52 64 49 74 63 80 
HLB: 3
SLF Integral: 5

1 36 12 47 56 18 26 11 21 44 4 66 2 31 17 7 71 6 54 37 77 43 28 10 72 24 75 53 42 74 76 19 23 16 39 45 15 8 49 61 29 57 25 40 62 30 63 14 55 5 50 13 34 78 38 41 65 20 32 35 67 9 52 58 70 69 68 59 64 60 22 33 48 51 27 79 73 3 46 80 
HLB: 4
SLF Integral: 6

1 37 7 70 76 14 2 49 77 40 17 43 57 69 24 62 31 22 66 68 4 72 60 44 51 41 35 79 67 29 38 20 27 10 65 25 34 63 18 6 3 42 53 55 33 48 15 50 52 9 56 47 73 71 13 8 54 75 32 39 46 26 59 36 28 11 78 19 61 16 21 74 30 23 12 64 58 5 45 80 
HLB: 3
SLF Integral: 5

1 16 24 55 15 61 73 57 70 33 36 59 44 35 23 22 66 5 50 42 60 77 37 19 47 41 72 27 69 21 9 74 51 4 49 76 25 3 34 65 29 26 64 53 30 40 8 48 32 18 75 13 58 2 11 67 56 46 17 10 6 45 54 38 31 63 52 68 62 43 28 7 12 78 39 20 71 79 14 80 
HLB: 3
SLF Integral: 4

1 66 20 35 76 71 34 72 61 50 3 2 67 47 38 63 29 14 60 4 26 56 73 42 51 48 28 36 13 23 62 22 46 37 6 59 64 21 19 15 44 10 31 9 16 43 7 70 69 24 49 57 8 78 27 32 17 75 30 77 65 33 39 45 79 68 18 53 11 58 41 40 12 25 52 54 74 5 55 80 
HLB: 3
SLF Integral: 4

1 68 35 55 43 64 77 18 79 20 41 59 76 49 21 42 4 23 63 40 57 27 17 8 73 69 44 36 38 9 47 7 66 78 72 61 48 54 15 70 34 25 5 67 60 39 45 31 52 30 74 2 51 37 3 32 19 24 10 22 56 28 71 53 75 29 33 6 12 58 26 16 13 46 14 65 11 62 50 80 
HLB: 3
SLF Integral: 4

1 30 26 22 19 2 70 7 77 25 46 53 9 68 5 75 29 33 61 71 6 8 76 62 69 42 3 50 13 52 60 31 54 14 43 67 78 39 28 11 21 47 15 45 51 65 37 32 23 44 10 56 20 12 49 17 64 4 41 48 18 57 73 79 16 55 38 27 59 34 36 40 24 63 58 66 74 35 72 80 
HLB: 2
SLF Integral: 3

1 33 49 41 66 7 27 5 25 63 26 43 45 16 24 3 59 58 12 60 78 72 29 52 44 47 68 35 77 28 31 75 67 21 42 64 18 2 14 65 9 46 69 55 79 19 71 74 61 30 73 36 56 39 54 76 15 20 6 22 51 10 50 34 8 23 32 4 62 48 38 57 70 11 13 40 37 17 53 80 
HLB: 3
SLF Integral: 4

1 55 51 61 15 2 8 66 77 49 79 28 3 39 31 45 63 21 46 58 52 17 56 35 25 60 30 71 78 65 41 29 47 24 53 67 57 50 72 37 75 64 54 12 16 32 43 9 27 74 68 48 70 76 11 6 69 5 44 36 34 73 59 18 42 62 4 19 23 22 13 10 38 40 20 14 26 7 33 80 
HLB: 3
SLF Integral: 4

1 4 24 31 21 12 48 13 25 20 52 39 72 8 78 54 76 58 30 79 49 44 28 60 7 3 67 57 6 33 17 46 22 35 70 34 43 40 42 55 74 68 64 38 45 41 53 69 66 56 50 29 77 11 36 26 10 37 5 75 19 71 73 2 65 15 51 61 14 32 62 59 16 23 18 9 27 63 47 80 
HLB: 4
SLF Integral: 5

1 19 42 60 3 55 50 7 18 33 71 14 78 11 62 9 75 77 20 38 6 16 21 51 23 58 17 70 49 44 56 5 22 28 64 76 37 13 2 30 53 34 8 12 47 45 79 15 57 27 69 68 63 32 61 39 72 48 31 67 46 26 66 40 10 73 52 36 29 43 54 41 25 24 35 65 4 74 59 80 
HLB: 3
SLF Integral: 4

1 55 10 76 16 37 54 71 67 12 60 6 23 56 24 38 14 48 61 52 22 59 66 29 72 31 79 17 49 3 26 2 4 73 65 39 15 19 47 68 27 77 13 8 57 69 21 51 45 7 43 33 11 74 36 44 34 18 75 5 40 20 46 58 64 28 25 63 62 32 50 70 41 53 35 42 9 78 30 80 
HLB: 3
SLF Integral: 5

1 18 30 25 13 37 2 43 29 32 63 72 76 65 67 35 33 19 58 3 23 71 22 52 10 51 31 42 53 27 70 61 8 7 34 28 11 69 47 6 49 14 9 40 4 48 39 55 73 50 41 44 59 56 77 38 66 79 24 60 16 15 68 45 20 17 57 26 62 64 78 46 21 5 74 36 12 54 75 80 
HLB: 3
SLF Integral: 4

1 3 74 47 49 71 40 59 24 75 51 30 28 45 14 56 39 10 66 70 78 35 9 69 29 67 63 12 18 36 11 61 77 34 79 57 8 5 20 25 6 72 26 43 76 73 7 27 68 15 19 48 21 55 41 50 23 53 42 17 58 46 31 2 64 32 16 37 33 65 13 38 22 52 62 54 60 44 4 80 
HLB: 3
SLF Integral: 4

1 20 19 7 72 59 77 68 67 23 15 9 6 21 65 76 40 16 57 63 39 26 28 46 78 22 33 51 10 12 74 31 13 54 37 36 8 52 38 34 50 44 61 11 79 42 62 24 45 25 58 29 73 66 35 17 5 14 4 47 69 2 49 75 60 56 70 55 53 64 43 41 30 3 32 48 27 71 18 80 
HLB: 3
SLF Integral: 4

1 59 66 63 50 76 57 77 61 55 65 10 49 17 79 33 60 11 72 20 27 32 21 9 16 28 64 38 73 2 46 3 41 5 71 70 23 67 29 45 35 43 58 52 75 14 37 12 39 47 68 56 54 25 19 7 42 26 74 6 69 44 31 62 48 36 18 22 78 30 51 24 13 34 4 53 8 15 40 80 
HLB: 3
SLF Integral: 4

1 9 40 51 62 77 38 18 71 48 27 67 35 44 5 70 50 13 54 63 14 73 47 72 52 46 53 58 57 24 65 34 11 4 16 23 31 60 39 7 64 10 19 76 59 79 43 20 30 41 2 32 56 55 37 68 22 33 49 17 74 25 45 29 75 66 61 8 42 26 12 15 28 69 36 6 3 78 21 80 
HLB: 3
SLF Integral: 4

1 66 6 24 68 10 41 47 29 22 19 14 38 43 18 20 2 74 45 15 31 4 27 7 42 33 3 34 50 23 69 44 11 58 17 62 30 55 37 73 36 9 35 67 60 64 46 51 8 53 52 13 65 26 61 79 54 21 75 40 5 48 28 71 57 32 70 59 39 63 25 56 76 12 78 49 72 16 77 80 
HLB: 3
SLF Integral: 4

1 45 10 52 48 42 66 6 44 64 2 62 24 63 65 23 53 28 16 9 26 19 31 71 35 60 41 40 20 73 7 17 79 36 76 4 29 49 13 21 37 69 8 32 54 15 27 59 75 33 5 72 68 47 50 14 51 18 61 57 25 30 70 43 11 34 12 22 58 38 55 46 3 78 74 77 39 56 67 80 
HLB: 3
SLF Integral: 4

1 61 28 9 18 64 21 67 33 4 11 25 78 12 72 10 20 38 31 77 3 22 45 63 71 74 58 46 66 26 19 47 49 29 55 73 76 53 42 34 8 30 65 57 79 32 68 50 16 54 37 70 2 17 7 15 75 35 5 44 59 52 56 48 6 14 43 23 41 51 36 69 13 39 60 62 24 27 40 80 
HLB: 2
SLF Integral: 4

1 11 59 18 73 14 10 35 64 27 71 43 62 61 56 6 78 41 12 67 7 50 3 63 45 22 13 31 60 47 20 74 69 52 66 55 46 57 65 53 4 29 68 2 25 30 28 33 58 34 38 75 5 79 44 8 26 19 9 76 17 42 37 51 24 72 54 36 48 15 77 21 16 40 32 70 49 23 39 80 
HLB: 3
SLF Integral: 4

1 37 18 56 29 58 5 33 73 53 24 71 50 17 39 25 36 79 12 43 9 15 31 21 40 68 22 72 19 6 35 78 61 41 23 20 77 3 38 74 47 11 16 76 30 57 48 28 27 62 64 54 46 26 8 59 4 65 69 2 70 10 60 14 7 75 66 52 55 45 51 67 13 49 63 44 42 34 32 80 
HLB: 3
SLF Integral: 5

1 67 29 56 13 71 14 23 18 22 42 17 44 26 25 77 47 66 40 58 16 60 46 7 65 78 54 51 36 61 79 34 2 6 53 41 9 21 20 8 55 74 32 4 11 68 52 43 37 49 45 15 64 62 19 48 70 28 75 5 63 72 38 59 3 69 50 30 57 10 35 39 31 76 33 73 24 27 12 80 
HLB: 3
SLF Integral: 4

1 29 73 56 13 54 32 50 23 79 64 74 10 72 44 60 11 77 26 75 68 42 28 3 25 15 14 76 16 51 41 36 27 34 55 31 58 33 12 67 46 62 65 47 49 70 43 8 6 66 59 40 17 57 37 7 48 63 52 38 4 20 45 71 53 24 18 5 30 35 19 69 61 2 21 9 78 22 39 80 
HLB: 3
SLF Integral: 4

1 52 22 70 20 69 56 63 66 68 67 72 6 74 34 43 79 9 29 37 60 3 28 5 49 59 11 8 41 65 17 50 75 77 62 39 55 38 32 42 44 51 48 16 33 78 57 45 18 23 36 61 40 14 13 7 46 71 12 15 73 24 35 76 26 10 4 53 31 21 2 25 47 64 19 58 27 54 30 80 
HLB: 3
SLF Integral: 4

1 9 43 7 68 40 16 2 6 57 70 3 18 27 35 64 51 65 17 33 46 29 76 22 67 14 11 28 39 36 4 25 54 45 59 20 61 30 63 49 47 56 19 38 8 32 34 53 50 13 41 71 48 10 21 23 52 55 42 62 74 26 75 58 24 5 79 31 60 72 69 12 15 73 44 78 66 77 37 80 
HLB: 3
SLF Integral: 4

1 4 3 8 49 9 22 51 24 69 6 32 64 10 36 40 70 31 16 30 21 45 17 61 65 28 14 67 58 25 55 41 38 7 26 60 37 48 5 63 78 2 71 74 13 77 29 20 33 76 62 46 50 59 35 56 68 23 79 42 19 53 75 47 11 72 52 18 66 27 15 39 73 43 34 44 54 57 12 80 
HLB: 2
SLF Integral: 4

1 44 41 60 52 12 39 43 18 46 15 56 50 70 63 17 53 45 27 74 66 55 11 16 31 73 7 21 65 14 20 49 79 62 24 34 29 42 32 38 54 8 61 64 40 26 51 71 23 77 59 35 22 9 36 78 19 57 69 2 75 47 13 5 25 76 30 67 33 72 48 10 6 3 28 37 4 58 68 80 
HLB: 2
SLF Integral: 3

1 78 4 37 44 60 79 17 71 65 53 73 45 3 27 6 52 74 2 29 76 47 54 59 26 25 34 18 40 35 22 21 42 57 39 50 48 38 68 41 75 64 12 23 43 16 20 58 14 70 13 63 61 67 31 62 56 8 69 33 7 77 30 19 51 55 11 72 15 36 66 32 10 24 9 5 49 46 28 80 
HLB: 3
SLF Integral: 5

1 3 59 65 46 73 12 5 55 47 40 29 78 51 53 6 42 63 36 48 68 2 17 76 14 79 15 10 45 54 77 34 8 18 32 72 31 11 64 27 75 71 35 25 62 70 41 4 19 38 44 49 33 56 58 67 13 28 74 9 52 50 37 22 43 61 20 24 16 39 60 23 57 21 7 66 26 30 69 80 
HLB: 3
SLF Integral: 4

1 62 36 64 34 17 11 38 15 5 9 16 40 3 67 28 31 63 37 33 65 55 20 24 58 70 57 43 69 60 6 32 78 7 29 48 76 22 73 26 30 51 23 44 39 77 2 72 47 41 21 18 79 68 66 74 10 59 8 27 12 54 49 61 35 75 42 13 25 50 46 56 71 53 19 14 4 52 45 80 
HLB: 3
SLF Integral: 4

1 38 32 62 28 71 24 9 78 51 13 45 75 55 20 69 43 37 70 12 34 6 40 26 66 23 67 18 61 46 36 65 25 41 5 57 7 59 10 49 17 19 48 72 47 4 27 56 63 42 76 3 31 8 52 29 21 11 14 44 68 33 74 35 22 15 39 50 77 53 60 2 79 73 58 54 16 64 30 80 
HLB: 3
SLF Integral: 4

1 55 79 29 66 53 57 26 38 54 63 47 42 13 33 15 11 51 20 8 25 50 9 65 17 76 6 16 52 71 59 23 46 39 70 67 36 28 19 10 78 32 2 61 14 5 58 12 34 4 49 21 41 40 35 31 43 45 68 44 7 73 27 77 30 75 3 48 37 56 22 74 24 72 60 18 64 69 62 80 
HLB: 3
SLF Integral: 4

1 61 35 30 51 54 47 74 70 29 9 46 37 21 69 36 79 38 49 43 23 45 20 8 6 52 78 17 56 62 42 50 44 18 65 58 24 27 73 12 75 72 7 5 11 3 41 55 53 15 48 19 64 16 13 67 59 71 40 66 10 32 31 77 57 60 4 33 28 14 39 25 22 34 2 68 26 63 76 80 
HLB: 3
SLF Integral: 4

1 68 74 30 59 8 47 38 27 40 34 31 54 52 79 15 14 60 42 39 61 36 12 48 13 18 17 71 73 62 66 2 20 26 19 41 28 46 49 6 45 23 9 29 21 76 32 16 69 64 43 63 25 70 50 67 5 72 53 24 33 4 51 35 11 37 65 55 77 3 75 78 58 10 7 57 22 56 44 80 
HLB: 2
SLF Integral: 4

1 22 27 75 58 4 34 6 21 25 23 42 45 11 29 65 12 77 36 26 50 37 60 14 62 3 7 40 39 64 51 20 46 35 17 78 74 56 5 47 79 61 43 67 15 72 41 63 54 33 55 30 57 8 2 73 18 16 53 9 66 32 19 70 59 24 71 10 28 48 69 68 76 52 31 49 13 44 38 80 
HLB: 3
SLF Integral: 4

1 28 64 14 60 79 10 15 68 45 52 11 69 12 3 23 41 58 56 77 48 55 65 53 39 67 20 30 24 43 54 36 9 18 70 17 13 35 51 66 25 5 42 26 49 72 7 62 47 38 2 73 32 31 37 29 76 22 21 59 27 78 6 40 19 44 71 63 57 4 46 75 33 61 16 50 8 74 34 80 
HLB: 3
SLF Integral: 4

1 37 77 33 27 21 11 35 43 54 46 57 8 44 19 5 71 60 47 25 13 42 6 66 62 58 15 26 31 17 69 48 16 59 29 45 41 28 56 32 30 73 61 52 18 3 38 4 20 24 76 2 40 68 36 74 55 50 67 75 34 53 65 51 72 10 12 39 79 14 70 7 64 22 63 78 49 9 23 80 
HLB: 3
SLF Integral: 4

1 20 39 34 45 65 32 14 23 67 72 70 43 63 11 57 61 22 74 56 69 21 10 36 18 68 52 48 44 54 64 12 75 49 66 26 19 4 40 46 16 28 41 35 42 50 77 55 51 30 2 38 9 24 6 37 62 15 79 31 29 8 13 5 73 76 7 27 58 71 33 47 17 59 3 78 25 53 60 80 
HLB: 3
SLF Integral: 4

1 62 19 38 16 15 51 57 7 59 23 27 4 44 13 69 12 54 36 68 21 70 9 31 47 2 71 5 28 30 61 76 58 14 6 78 41 24 45 29 18 64 56 48 39 3 60 33 32 25 49 75 74 22 34 43 77 10 73 79 46 67 8 65 50 53 42 63 52 37 40 26 35 66 17 72 20 55 11 80 
HLB: 3
SLF Integral: 4

1 59 75 17 76 73 22 50 45 30 46 77 64 15 74 18 11 33 26 19 49 6 53 29 62 27 78 25 35 65 13 21 58 40 23 60 4 43 41 66 56 69 68 70 14 52 10 51 57 39 3 44 54 72 8 61 12 79 55 48 7 9 24 31 42 34 28 5 2 67 36 47 38 20 71 37 16 32 63 80 
HLB: 3
SLF Integral: 4

1 15 79 75 33 7 14 23 44 43 26 12 53 20 42 49 6 56 25 30 36 68 73 19 52 77 72 50 60 8 66 13 24 71 67 70 34 69 2 4 47 37 16 62 9 51 74 55 10 38 21 35 5 31 11 41 18 17 48 27 76 78 28 45 3 65 22 57 46 64 40 29 63 54 61 59 39 58 32 80 
HLB: 3
SLF Integral: 5

1 64 8 24 46 12 42 71 45 28 3 44 18 70 54 61 66 43 52 76 60 41 14 49 23 4 31 51 21 74 15 19 30 7 56 73 59 72 9 57 63 77 36 11 50 17 68 79 32 67 25 40 2 26 10 38 37 65 35 58 34 5 27 20 78 33 48 62 16 69 22 75 55 47 6 39 13 53 29 80 
HLB: 2
SLF Integral: 4

1 76 2 70 44 36 52 10 6 42 41 29 37 26 61 27 49 39 75 28 22 8 77 79 21 3 58 33 55 7 53 45 65 25 54 47 15 34 74 31 68 67 51 19 40 78 64 30 50 73 69 12 32 60 9 71 20 13 18 57 72 43 62 11 66 48 38 63 23 35 46 24 4 16 59 17 5 14 56 80 
HLB: 3
SLF Integral: 4

1 36 32 63 71 19 78 34 65 30 49 8 52 26 51 48 58 60 37 43 29 72 67 55 40 74 62 75 28 61 7 77 45 50 11 46 31 59 79 17 39 73 5 24 57 15 56 44 53 2 16 6 35 10 20 69 3 33 13 47 21 4 12 25 68 27 42 66 9 23 41 38 70 76 54 22 64 18 14 80 
HLB: 2
SLF Integral: 4

1 8 19 17 30 55 14 66 3 52 68 34 71 5 25 7 56 39 51 61 54 47 40 11 53 9 15 45 4 28 33 32 78 49 18 50 75 41 27 36 12 24 70 57 31 10 60 44 2 64 43 16 67 22 58 20 63 29 79 26 73 72 74 23 76 35 48 13 46 38 6 37 65 62 42 69 59 77 21 80 
HLB: 3
SLF Integral: 4

1 43 3 64 36 25 4 58 51 8 50 5 13 16 19 47 75 60 70 14 72 62 48 57 6 17 24 44 33 7 42 31 76 40 9 26 23 63 27 54 41 15 55 46 28 10 74 37 79 30 78 61 71 34 29 65 2 67 38 35 12 52 22 68 56 59 45 39 21 69 66 73 77 11 18 20 53 32 49 80 
HLB: 3
SLF Integral: 4

1 15 36 69 5 31 41 63 8 51 32 22 46 52 11 78 6 38 54 19 25 42 26 72 58 44 49 67 28 48 40 20 61 73 27 13 75 71 64 21 60 7 10 57 12 3 70 77 37 55 39 2 53 4 35 47 43 62 29 14 18 74 50 65 9 76 33 17 66 23 16 45 79 59 56 68 34 24 30 80 
HLB: 3
SLF Integral: 4

1 79 64 56 71 22 40 19 16 55 73 27 59 6 35 42 12 67 26 31 68 48 58 4 70 41 9 8 33 2 11 18 77 17 32 14 10 30 78 61 25 74 46 57 60 47 29 28 76 51 54 44 53 50 52 65 62 3 75 69 15 72 21 66 34 43 49 36 38 20 24 13 37 23 39 7 45 63 5 80 
HLB: 3
SLF Integral: 4

1 17 68 40 13 4 42 23 3 75 72 2 76 19 56 48 8 57 47 53 33 55 18 6 25 79 27 77 32 66 28 5 59 34 38 7 26 44 14 58 29 20 46 31 74 36 39 16 11 62 24 52 30 64 49 43 67 65 78 9 73 60 21 12 15 54 61 22 41 50 10 71 45 70 51 37 69 63 35 80 
HLB: 3
SLF Integral: 4

1 66 69 19 14 64 23 67 41 6 27 46 57 44 28 33 5 54 36 53 77 21 3 11 25 20 22 42 2 68 40 73 26 34 38 60 9 32 79 78 15 8 55 29 63 24 62 65 18 45 76 50 10 35 51 61 72 37 7 59 43 12 71 75 47 58 39 16 30 17 13 74 31 70 49 48 56 52 4 80 
HLB: 3
SLF Integral: 4

1 63 22 64 60 71 46 16 30 35 27 4 38 21 34 42 37 24 66 58 18 77 59 69 50 45 51 76 6 5 2 68 26 78 25 72 56 54 53 19 52 57 31 74 70 75 43 14 10 28 41 17 8 67 15 13 29 61 47 55 33 20 3 40 32 62 36 44 49 73 7 79 39 23 12 48 11 65 9 80 
HLB: 3
SLF Integral: 4

1 12 56 79 2 55 41 58 54 40 67 35 57 50 36 32 78 49 60 3 25 7 5 71 42 77 66 73 30 14 43 64 20 39 45 70 18 23 19 26 13 27 9 44 33 51 31 24 4 46 52 72 61 65 62 53 17 38 10 59 76 22 8 29 63 69 15 37 21 16 34 68 47 6 75 74 11 28 48 80 
HLB: 3
SLF Integral: 4

1 66 17 34 6 19 8 11 30 40 39 46 43 62 61 38 2 42 72 32 44 50 4 45 77 52 71 51 27 18 31 78 14 23 60 10 55 13 47 24 21 26 22 16 75 12 25 68 49 54 73 9 59 67 65 15 37 41 3 56 5 29 69 33 35 20 7 57 64 36 70 79 58 76 48 53 63 74 28 80 
HLB: 3
SLF Integral: 4

1 67 33 61 26 37 57 14 28 10 56 79 32 24 15 54 29 58 66 34 52 27 31 77 53 4 17 30 43 74 47 59 55 25 60 44 23 68 51 64 20 19 62 73 38 50 16 40 8 76 75 9 36 63 71 22 48 3 42 12 41 6 35 13 7 11 2 49 65 5 69 45 39 46 78 72 18 21 70 80 
HLB: 3
SLF Integral: 4

1 8 71 29 54 79 70 12 53 45 22 62 69 9 66 43 67 31 37 77 19 74 24 56 63 34 33 11 7 4 47 61 30 65 28 44 46 73 38 64 35 76 78 39 59 57 60 15 21 51 40 50 2 20 41 27 25 16 42 18 72 68 32 3 6 75 58 14 17 23 5 49 10 26 48 55 13 36 52 80 
HLB: 3
SLF Integral: 4

1 21 18 8 60 24 15 27 13 48 37 69 75 22 33 29 49 76 50 31 73 71 5 43 16 6 59 42 26 38 17 39 20 28 41 12 79 64 74 58 51 2 9 35 77 72 53 56 55 23 52 62 46 61 47 3 44 66 19 67 54 36 34 10 68 70 63 78 32 57 30 40 7 4 11 25 45 65 14 80 
HLB: 3
SLF Integral: 4

1 74 26 11 16 57 42 4 43 18 23 52 31 28 2 53 55 78 56 58 5 65 35 71 20 76 7 79 24 75 32 22 13 46 72 27 3 73 6 17 36 8 48 62 33 12 45 61 64 54 21 68 10 67 38 37 70 47 41 14 25 59 66 39 44 30 15 19 9 60 50 40 34 77 69 49 29 63 51 80 
HLB: 3
SLF Integral: 4

1 4 31 55 69 58 5 17 49 22 36 7 59 42 76 66 65 15 29 44 40 16 74 32 3 61 2 24 28 35 25 52 72 62 33 18 60 64 75 38 57 67 41 20 56 71 23 50 9 8 70 12 14 26 45 19 34 73 54 79 78 53 21 30 46 51 6 68 10 48 63 37 39 47 11 13 77 43 27 80 
HLB: 3
SLF Integral: 4

1 67 71 69 68 64 52 63 4 62 16 54 45 28 25 27 42 15 48 39 66 50 29 73 53 65 60 32 51 20 3 12 55 59 18 5 8 26 37 74 13 43 47 76 70 11 22 36 17 31 40 79 21 78 61 9 35 33 41 38 14 72 44 46 10 58 77 56 30 2 49 19 6 75 34 24 7 23 57 80 
HLB: 3
SLF Integral: 4

1 18 22 26 2 50 19 73 4 20 16 25 77 37 40 14 71 39 67 5 47 56 30 45 72 79 12 78 10 44 11 58 63 74 13 76 51 69 21 41 53 62 46 60 43 35 59 9 6 15 57 31 28 48 34 38 8 61 32 29 7 24 65 75 70 54 68 49 27 64 36 17 3 52 33 42 66 55 23 80 
HLB: 2
SLF Integral: 4

1 33 46 59 21 25 55 70 13 68 28 37 53 31 60 4 18 57 67 77 42 23 47 5 9 6 22 63 27 73 79 65 11 78 19 15 2 38 58 40 20 44 36 76 49 35 34 10 26 17 62 64 51 74 3 50 24 69 48 54 7 71 32 72 52 14 43 39 41 56 29 75 16 8 12 30 66 45 61 80 
HLB: 3
SLF Integral: 4

1 48 12 5 35 30 70 60 74 64 29 78 22 17 27 63 23 7 75 14 3 33 57 21 56 69 79 73 15 45 6 32 42 26 20 9 53 28 62 31 38 76 54 44 37 19 10 43 2 4 71 58 72 24 47 52 46 16 50 18 59 36 51 61 8 77 39 34 66 65 41 55 25 49 11 68 13 40 67 80 
HLB: 3
SLF Integral: 4

1 64 70 10 48 14 51 28 24 8 2 33 63 59 20 58 72 53 36 74 35 45 40 31 71 47 79 46 66 68 41 52 21 76 42 39 61 67 65 43 55 15 73 13 32 9 6 25 3 62 22 19 69 49 57 56 60 78 17 30 7 11 38 4 27 26 18 37 44 34 16 5 77 50 75 12 23 54 29 80 
HLB: 3
SLF Integral: 4

1 64 75 33 65 38 51 59 67 2 13 8 35 9 76 58 16 20 26 19 22 66 24 28 53 44 57 73 68 34 36 70 42 7 41 23 10 14 61 18 37 5 40 62 60 6 74 3 56 55 69 49 71 63 30 79 25 43 17 21 12 47 31 45 48 29 78 72 15 50 27 54 11 46 4 77 32 39 52 80 
HLB: 3
SLF Integral: 4

1 68 67 29 19 6 4 51 21 23 65 62 42 20 47 18 37 73 39 43 10 56 50 54 71 25 5 3 30 55 38 70 28 7 63 31 78 34 49 9 22 53 79 24 15 77 16 48 66 26 12 33 36 11 60 57 27 75 61 74 2 46 64 40 52 45 41 58 14 72 13 17 69 8 59 35 32 44 76 80 
HLB: 3
SLF Integral: 4

1 20 42 13 60 33 49 10 16 4 12 39 34 37 14 59 35 30 21 9 74 52 70 64 67 47 17 76 22 68 57 75 48 44 79 32 31 56 3 24 43 73 18 78 46 8 69 65 53 19 28 38 29 71 62 15 61 58 23 26 77 36 63 25 41 55 27 54 72 11 51 66 45 40 50 6 5 7 2 80 
HLB: 3
SLF Integral: 5

1 49 57 46 77 55 66 23 56 11 35 73 43 33 69 13 63 24 9 29 14 47 72 50 74 34 28 17 65 76 51 21 64 60 38 53 62 58 20 39 18 40 31 71 5 15 8 52 22 3 54 78 30 12 4 2 79 10 70 44 37 26 7 6 61 32 19 25 75 16 68 59 42 36 41 67 27 45 48 80 
HLB: 3
SLF Integral: 4

1 7 2 73 29 78 49 60 8 26 47 59 11 28 76 63 30 19 72 51 50 74 79 22 52 65 67 25 42 10 4 15 17 38 40 23 55 14 53 58 36 45 13 32 69 24 5 27 3 31 35 77 44 61 6 33 57 12 48 64 68 56 34 9 70 39 43 75 46 41 62 66 71 20 16 18 21 37 54 80 
HLB: 2
SLF Integral: 4

1 67 20 40 9 27 47 22 19 21 43 6 32 30 60 25 58 50 38 14 8 44 71 18 23 37 54 70 65 72 69 48 28 12 56 31 36 24 51 49 53 13 55 57 2 42 7 3 15 46 61 34 74 62 11 33 77 35 52 79 63 66 78 45 73 59 75 4 26 68 64 76 10 29 16 41 39 5 17 80 
HLB: 3
SLF Integral: 4

1 56 58 78 24 6 33 25 13 34 49 28 62 51 31 40 23 68 38 29 54 50 48 37 70 64 66 45 55 67 19 76 60 73 35 26 77 7 14 72 15 32 12 21 39 69 3 61 65 5 10 41 8 71 9 42 47 43 4 79 52 44 59 22 36 11 16 75 17 63 74 46 18 27 57 53 2 20 30 80 
HLB: 3
SLF Integral: 4

1 67 6 41 19 3 79 28 5 50 69 21 55 36 76 46 62 42 39 7 64 56 60 24 31 48 22 18 27 43 71 29 68 10 8 51 59 2 74 11 14 20 13 32 65 45 12 17 33 54 52 26 25 63 57 73 58 53 15 4 38 35 66 77 47 34 49 44 70 9 23 30 75 72 37 16 40 78 61 80 
HLB: 3
SLF Integral: 4

1 62 38 17 49 75 69 73 54 16 48 6 39 20 3 65 8 71 36 53 77 50 7 12 66 31 55 33 11 43 61 9 4 44 10 68 14 18 30 64 52 35 37 60 51 56 29 28 63 78 57 19 42 72 26 23 40 45 41 79 47 15 70 32 5 59 76 58 27 34 13 24 2 46 67 25 21 74 22 80 
HLB: 2
SLF Integral: 4

1 69 14 8 79 47 71 23 4 7 77 57 5 70 32 38 49 68 6 17 55 3 46 37 34 73 40 51 11 44 56 63 62 76 30 35 65 53 27 42 12 66 28 72 75 39 50 43 36 13 18 78 61 67 54 59 41 64 58 20 2 48 60 19 22 21 15 33 9 26 29 25 10 52 45 16 31 74 24 80 
HLB: 3
SLF Integral: 4

1 7 3 69 75 64 13 22 18 77 42 72 10 71 5 62 54 6 59 15 40 57 51 79 58 4 67 30 53 11 46 14 19 36 20 29 74 47 45 24 31 41 78 12 56 52 44 49 8 17 25 28 50 70 63 38 55 9 73 26 33 16 39 61 35 23 68 65 27 32 2 76 43 37 34 48 60 21 66 80 
HLB: 3
SLF Integral: 4

1 30 25 35 71 23 47 4 49 22 54 14 57 29 31 52 2 37 43 62 48 44 10 78 8 50 27 21 59 7 3 39 79 12 46 53 6 67 61 66 34 64 32 55 13 19 73 70 9 65 40 56 77 76 36 69 45 24 51 11 58 18 60 68 63 33 26 72 42 74 41 5 16 15 17 38 28 20 75 80 
HLB: 3
SLF Integral: 5

1 39 36 52 50 70 60 38 68 16 67 37 76 26 25 73 51 11 78 5 77 71 8 79 22 7 34 58 41 65 24 32 53 75 57 42 17 15 30 35 12 23 47 54 20 63 61 46 45 49 6 62 2 74 69 33 4 43 48 28 59 3 31 10 72 19 55 27 40 44 14 9 21 64 56 29 66 13 18 80 
HLB: 3
SLF Integral: 4

1 79 71 3 74 20 19 22 16 55 60 59 51 14 37 49 8 29 25 23 62 48 64 43 21 31 44 73 7 70 28 12 6 34 57 30 50 68 27 58 38 52 2 42 65 24 4 46 78 15 41 76 75 61 53 13 63 67 26 47 36 77 56 40 54 10 33 17 11 45 32 39 72 9 69 5 66 35 18 80 
HLB: 3
SLF Integral: 5

1 17 52 29 43 11 61 70 37 78 6 74 66 55 69 76 19 22 33 71 47 68 32 39 44 57 59 65 62 40 5 49 16 23 2 25 4 28 41 79 46 24 63 21 8 15 14 20 60 50 48 10 72 31 7 58 77 38 9 34 67 18 13 51 54 30 27 35 53 75 64 73 45 12 3 56 42 26 36 80 
HLB: 3
SLF Integral: 4

1 45 9 23 15 57 13 76 38 36 55 22 30 32 43 64 7 79 11 60 28 14 29 19 77 31 12 46 35 53 68 73 70 20 71 49 63 24 56 59 2 50 66 54 40 34 27 42 25 65 39 16 78 62 58 47 6 61 41 74 26 44 51 69 18 33 37 4 10 17 75 72 67 3 48 52 21 5 8 80 
HLB: 3
SLF Integral: 4

1 34 78 6 44 35 13 40 64 42 57 49 28 58 12 48 73 76 56 4 29 32 19 69 9 51 21 30 27 54 38 16 66 7 70 74 53 45 14 3 2 71 18 55 52 17 65 63 25 39 26 50 75 47 46 67 36 31 61 37 41 72 8 62 60 10 20 33 68 11 24 59 15 23 5 77 43 79 22 80 
HLB: 3
SLF Integral: 5

1 66 29 76 12 45 26 16 33 13 2 37 69 17 68 78 23 53 27 57 30 70 47 11 61 28 6 32 43 5 19 54 10 38 8 65 73 46 48 34 41 77 51 56 22 60 52 3 59 20 40 24 36 14 64 44 21 74 67 72 39 15 62 79 55 31 42 50 7 58 71 9 25 63 35 18 4 49 75 80 
HLB: 2
SLF Integral: 4

1 79 46 73 3 26 42 2 51 44 75 36 14 57 76 16 8 72 54 39 56 21 13 7 41 49 30 33 15 23 27 52 45 66 34 58 17 32 69 28 19 5 53 50 48 62 38 29 74 40 25 60 35 67 20 61 9 63 37 4 65 77 31 10 70 24 11 68 47 64 59 43 55 12 18 71 22 78 6 80 
HLB: 3
SLF Integral: 4

1 8 33 79 6 3 38 44 26 53 50 11 36 58 24 4 49 43 62 48 28 74 25 13 52 35 34 64 27 73 17 42 10 21 76 20 71 77 68 41 46 69 22 32 30 51 47 2 40 31 57 70 75 16 5 23 15 12 67 7 65 56 37 55 54 29 45 59 19 9 78 14 63 72 18 60 66 61 39 80 
HLB: 3
SLF Integral: 5

1 30 40 75 19 76 29 32 61 67 25 13 73 55 21 9 57 45 59 15 44 72 62 66 12 54 34 65 39 24 79 42 22 16 11 18 43 63 7 5 14 23 50 49 10 6 8 41 20 3 77 37 17 48 64 2 56 26 33 38 51 71 68 28 4 69 53 60 70 58 36 31 74 47 78 35 52 46 27 80 
HLB: 3
SLF Integral: 5

1 32 12 11 72 37 16 4 75 43 19 27 29 25 48 15 50 35 33 3 69 13 5 73 30 74 45 60 55 70 40 53 56 38 20 59 61 66 28 7 52 64 49 2 17 34 65 54 63 57 79 71 24 77 18 44 68 76 9 6 62 46 51 23 67 8 10 78 41 31 21 14 26 22 42 36 58 39 47 80 
HLB: 3
SLF Integral: 4

1 6 29 32 34 62 61 77 23 28 56 13 25 3 8 5 35 9 12 15 2 31 30 66 7 75 58 57 46 20 64 74 78 52 27 70 48 47 65 49 42 10 19 67 16 38 51 43 50 21 24 68 33 71 54 14 73 53 39 11 45 63 17 44 69 4 72 55 36 76 26 41 37 22 59 79 40 60 18 80 
HLB: 3
SLF Integral: 4

1 27 15 72 59 19 6 39 54 65 50 67 53 56 12 31 63 3 47 75 4 64 5 9 62 7 17 11 66 42 41 38 74 37 51 14 20 40 32 79 10 25 70 24 16 73 34 33 18 49 36 61 45 52 29 69 35 2 43 76 23 22 13 21 8 60 46 58 78 28 48 30 57 55 71 44 68 77 26 80 
HLB: 3
SLF Integral: 4

1 16 58 55 29 76 78 50 47 9 17 65 36 42 62 77 20 41 34 5 69 35 64 45 27 70 4 52 7 12 37 71 6 33 26 61 49 24 2 72 14 54 13 30 18 38 19 75 22 25 15 51 43 39 59 56 31 23 66 10 60 46 40 73 21 63 32 44 3 67 11 8 79 48 53 57 28 68 74 80 
HLB: 3
SLF Integral: 4

1 73 63 12 23 58 72 13 62 68 31 25 34 43 21 35 16 48 8 33 19 61 55 71 27 9 42 54 49 17 7 77 10 32 29 41 47 14 2 4 69 53 30 5 22 57 40 75 24 64 67 76 11 26 38 18 52 28 6 15 65 46 78 20 44 50 79 70 39 36 56 37 74 59 51 60 45 66 3 80 
HLB: 3
SLF Integral: 4

1 42 27 37 56 31 38 43 40 57 29 67 39 74 30 54 23 12 5 60 45 75 3 44 72 62 69 66 50 73 21 58 46 14 65 4 52 76 24 6 55 8 61 77 53 36 17 48 16 19 78 47 10 68 33 35 32 9 34 13 70 28 51 26 7 64 71 15 59 25 11 22 2 20 41 79 63 49 18 80 
HLB: 3
SLF Integral: 4

1 9 68 3 6 69 23 4 67 28 7 36 62 30 8 45 61 27 2 10 54 77 59 57 29 39 33 41 34 42 22 71 18 24 48 66 46 43 49 17 51 32 26 12 47 79 13 53 31 78 60 11 21 56 35 72 55 25 16 20 14 65 64 52 15 40 44 70 50 75 38 37 5 73 19 58 63 74 76 80 
HLB: 3
SLF Integral: 4

1 18 44 76 72 12 77 20 10 14 21 56 30 57 68 7 2 58 54 29 64 45 50 24 78 59 61 32 71 13 66 42 62 75 19 40 26 53 79 35 37 74 46 34 73 63 33 49 36 28 25 38 5 55 47 67 60 27 51 15 48 16 11 70 4 39 6 69 22 31 17 8 3 9 41 23 65 52 43 80 
HLB: 3
SLF Integral: 4

1 66 68 4 15 25 62 42 76 22 36 75 77 57 70 26 50 69 79 34 59 24 2 37 19 21 27 73 17 9 28 31 65 54 48 44 51 5 46 20 32 72 39 8 47 12 7 52 74 67 53 61 55 33 64 45 60 40 30 58 3 11 14 49 29 35 16 78 23 18 38 10 71 56 63 13 41 6 43 80 
HLB: 2
SLF Integral: 4

1 22 36 39 11 23 62 68 42 44 40 21 64 6 52 43 58 17 35 60 24 14 51 70 9 33 77 48 29 78 10 12 7 34 2 45 27 79 75 71 8 18 57 32 59 63 20 55 67 56 74 69 41 72 26 4 66 31 38 54 49 76 47 15 46 5 73 13 50 61 25 65 16 30 3 53 19 37 28 80 
HLB: 3
SLF Integral: 4

1 11 10 2 35 28 23 73 70 41 27 9 51 68 62 6 33 43 60 24 76 58 42 49 38 65 74 29 22 69 15 52 4 20 77 16 44 59 67 37 26 54 25 53 31 56 19 47 30 36 8 17 45 61 66 40 55 79 75 48 18 46 7 13 63 39 71 32 50 34 5 12 78 72 64 57 3 14 21 80 
HLB: 3
SLF Integral: 4

1 74 51 77 60 76 22 14 62 57 40 32 17 7 29 36 46 53 68 8 56 52 15 59 2 25 43 28 71 69 75 72 19 37 54 16 4 34 67 41 27 49 11 31 12 30 42 20 64 24 47 23 5 21 78 61 44 50 35 10 26 70 3 33 65 38 45 39 13 63 9 18 6 58 79 55 73 66 48 80 
HLB: 3
SLF Integral: 4

1 65 61 11 56 3 10 55 66 48 26 4 8 77 20 54 35 76 68 51 2 25 5 23 49 62 9 47 69 33 42 57 40 79 28 71 12 19 59 14 37 17 36 43 41 39 15 29 78 21 52 74 6 31 44 72 34 24 27 22 32 75 38 13 45 7 70 67 63 50 64 60 73 16 46 53 18 58 30 80 
HLB: 3
SLF Integral: 4

1 66 29 10 74 51 16 42 56 11 40 61 45 72 14 65 79 36 47 4 33 43 73 44 64 21 6 37 48 58 54 25 53 41 75 49 60 35 31 19 22 57 77 68 7 55 18 63 20 76 50 70 28 3 32 24 62 67 39 71 13 78 23 9 2 46 17 52 27 59 5 34 69 38 12 8 30 26 15 80 
HLB: 3
SLF Integral: 5

1 72 66 39 65 38 28 58 10 77 2 14 11 53 24 36 45 74 34 33 5 40 25 30 47 55 69 9 7 59 23 71 44 70 32 19 41 67 63 22 27 64 3 51 17 48 35 15 75 43 73 76 56 61 42 52 6 29 18 49 62 8 60 79 4 68 57 16 12 26 37 21 46 20 78 50 13 54 31 80 
HLB: 3
SLF Integral: 4

1 51 47 70 60 19 9 11 15 43 77 76 54 71 57 16 6 73 2 25 50 36 74 34 66 65 14 35 38 48 21 24 69 37 26 28 30 55 79 5 27 42 67 22 78 29 58 72 44 75 53 10 17 64 49 68 8 41 40 56 23 52 3 33 46 4 20 62 7 12 39 45 32 13 59 18 63 61 31 80 
HLB: 3
SLF Integral: 5

1 7 6 77 71 2 4 11 20 45 34 17 46 70 67 30 61 63 58 10 44 22 18 73 75 48 65 62 72 43 29 64 40 5 27 38 33 9 60 28 49 36 26 19 37 74 8 15 57 24 79 35 14 13 78 56 68 16 3 51 39 42 76 50 66 12 23 54 21 32 52 41 31 25 55 59 69 47 53 80 
HLB: 3
SLF Integral: 4

1 60 15 66 8 6 51 69 56 47 58 33 27 79 71 78 42 31 17 21 16 36 3 32 18 10 24 11 46 76 57 59 23 41 37 19 22 54 30 14 49 45 28 43 40 44 7 9 35 29 13 48 2 65 4 38 77 39 55 61 5 73 12 64 53 25 74 70 50 62 68 34 52 20 72 63 67 75 26 80 
HLB: 2
SLF Integral: 4

1 31 12 59 4 22 76 28 62 46 44 32 20 79 71 58 30 8 54 11 9 7 73 56 65 16 5 24 15 66 34 48 36 38 42 19 57 50 3 52 35 27 63 13 43 75 21 18 26 72 77 51 60 78 53 70 49 67 74 17 45 23 29 69 39 64 41 10 68 37 6 55 2 25 61 14 33 47 40 80 
HLB: 3
SLF Integral: 5

1 38 46 79 74 24 6 18 31 23 44 7 2 62 73 51 13 55 35 42 72 17 56 76 12 26 78 49 60 43 58 53 33 45 65 71 37 14 57 61 27 19 36 29 5 30 3 59 28 68 8 16 63 32 34 41 69 9 11 47 64 75 40 48 54 10 50 67 52 77 22 20 66 70 15 21 4 39 25 80 
HLB: 3
SLF Integral: 4

HLB: 3,2,3,4,3,3,3,3,2,3,3,3,3,2,2,3,3,3,3,3,3,3,3,3,2,3,2,3,3,3,2,2,3,2,3,3,3,3,3,3,3,2,3,2,3,3,3,3,3,2,3,3,3,4,3,3,3,3,2,3,3,3,3,3,3,3,3,3,3,3,3,3,2,3,3,3,3,3,3,3,3,2,3,4,2,3,3,3,2,3,3,3,3,3,3,3,4,3,3,3,3,2,3,3,4,3,3,3,3,3,3,3,3,3,2,3,3,3,3,3,3,2,2,3,3,3,3,3,3,2,3,3,3,3,3,3,3,2,3,2,3,3,3,3,3,3,3,3,3,3,3,3,3,3,3,2,3,3,3,3,3,3,3,2,3,3,3,2,3,3,3,3,3,3,3,3,2,3,3,3,3,3,3,3,3,3,3,3,2,3,3,3,3,3,3,3,3,2,3,3,
Opt:4,4,4,5,4,4,5,5,4,4,4,4,4,4,4,4,4,4,4,4,4,4,5,5,4,5,4,4,4,4,4,4,4,4,4,4,5,5,4,5,4,4,4,4,4,4,4,4,5,4,4,4,4,4,4,4,4,4,4,4,4,5,5,4,4,4,4,4,4,4,4,4,4,4,4,4,4,5,4,4,5,4,4,4,4,4,4,4,4,4,4,4,4,4,4,5,6,5,4,4,4,3,4,4,5,4,5,4,4,4,4,4,4,4,4,4,5,4,4,4,4,4,3,5,4,4,4,4,4,4,4,4,4,4,4,4,5,4,4,4,4,4,4,4,4,4,4,4,4,4,4,4,4,4,4,4,4,4,4,4,4,5,4,4,4,4,4,4,4,4,5,4,5,4,4,5,4,4,5,5,4,4,4,4,4,4,4,4,4,4,4,4,4,5,4,5,4,4,5,4,

Max diff:2
Max factor:2.0
Mean diff:1.275
Mean factor:1.4716666666666678
