1 23 2 7 6 43 26 32 27 10 41 40 28 3 12 21 20 19 25 35 33 30 39 47 37 46 17 44 29 8 13 5 34 38 24 42 11 22 15 49 31 4 45 14 16 18 48 36 9 50 
HLB: 3
SLF Integral: 4

1 18 47 36 5 33 45 28 39 25 7 40 49 46 41 11 8 44 4 2 10 21 42 37 34 31 29 6 22 17 38 43 3 48 26 32 12 15 27 23 20 16 14 24 9 13 19 35 30 50 
HLB: 3
SLF Integral: 4

1 15 29 7 43 10 20 27 42 28 8 11 21 19 47 34 24 48 36 12 41 26 30 16 4 46 49 39 18 13 32 6 38 14 40 25 2 44 31 33 23 37 45 5 3 9 17 35 22 50 
HLB: 3
SLF Integral: 4

1 48 18 33 46 45 8 4 17 29 37 39 12 42 40 43 6 3 19 36 32 44 26 21 27 16 13 49 38 31 7 10 35 24 14 20 28 5 2 34 11 47 25 9 15 23 30 41 22 50 
HLB: 3
SLF Integral: 4

1 19 27 2 37 33 8 6 49 16 39 7 12 11 40 34 44 21 42 3 23 17 10 18 32 9 43 30 29 22 24 47 25 15 46 5 48 14 45 38 20 36 31 35 26 41 13 28 4 50 
HLB: 3
SLF Integral: 5

1 3 12 32 9 49 34 13 43 37 18 24 30 42 8 11 39 26 7 22 35 14 21 25 19 16 6 31 38 45 33 48 28 23 5 2 20 47 29 17 10 36 40 46 15 44 27 41 4 50 
HLB: 2
SLF Integral: 4

1 34 29 41 27 48 26 42 23 33 28 7 4 44 49 21 8 31 9 16 12 47 18 15 35 11 32 22 13 37 10 17 46 30 3 20 39 36 40 38 25 6 45 24 43 19 5 2 14 50 
HLB: 3
SLF Integral: 4

1 12 49 9 20 7 6 32 48 44 30 41 40 47 24 31 26 21 18 27 11 43 13 37 36 29 42 38 34 46 14 28 10 5 15 2 4 39 19 45 33 25 23 22 3 16 35 8 17 50 
HLB: 3
SLF Integral: 4

1 6 36 25 15 23 20 14 39 13 2 12 42 31 45 21 27 40 29 32 47 34 5 41 35 4 24 7 3 10 8 18 11 46 44 48 33 43 38 9 28 49 16 22 30 19 26 17 37 50 
HLB: 3
SLF Integral: 4

1 32 13 22 28 18 47 12 25 24 49 35 6 3 43 39 41 7 36 5 9 42 15 20 8 33 2 30 10 26 4 48 27 38 31 37 19 44 17 40 45 16 21 11 46 34 14 29 23 50 
HLB: 2
SLF Integral: 4

1 8 31 36 23 48 32 35 42 5 40 2 12 33 18 14 30 17 29 24 7 28 43 10 13 27 15 49 4 38 47 39 26 11 20 6 19 21 3 16 44 9 34 25 37 45 22 41 46 50 
HLB: 2
SLF Integral: 4

1 13 34 11 47 4 26 17 32 30 41 33 22 19 21 10 12 2 18 28 20 39 35 15 27 45 49 37 16 3 24 48 6 31 25 29 5 7 38 23 46 43 40 42 36 8 14 44 9 50 
HLB: 3
SLF Integral: 4

1 35 31 13 3 5 26 7 34 19 21 41 46 11 16 24 10 25 43 33 18 42 8 4 40 39 6 20 45 12 2 36 44 14 9 32 28 37 15 38 22 47 29 17 30 49 27 23 48 50 
HLB: 3
SLF Integral: 4

1 38 17 26 11 33 27 29 2 47 39 14 30 48 20 49 22 37 45 32 46 13 7 36 40 10 5 8 19 21 23 6 41 25 3 34 24 42 4 28 44 12 18 43 15 35 31 16 9 50 
HLB: 3
SLF Integral: 4

1 42 40 45 21 44 27 2 38 15 48 25 47 4 28 46 12 18 37 23 36 30 19 10 29 41 43 31 16 6 9 35 13 34 26 39 8 20 11 49 33 32 7 14 5 22 24 3 17 50 
HLB: 3
SLF Integral: 4

1 39 10 47 32 14 36 21 19 28 46 35 15 29 49 16 31 42 17 11 20 26 22 12 5 4 41 6 48 45 25 30 9 40 44 24 23 3 2 13 27 18 8 37 34 7 38 43 33 50 
HLB: 3
SLF Integral: 5

1 41 24 34 48 46 8 39 11 28 31 21 37 6 15 23 19 38 22 16 47 35 33 29 27 2 14 12 17 25 9 30 44 4 49 5 42 26 40 43 32 18 45 10 13 7 20 36 3 50 
HLB: 3
SLF Integral: 4

1 4 34 46 25 42 29 11 8 5 16 6 21 18 30 14 40 7 38 33 49 22 32 20 47 36 3 17 10 28 23 27 45 2 35 12 41 39 19 31 15 44 9 48 13 37 26 24 43 50 
HLB: 3
SLF Integral: 4

1 7 23 28 44 34 24 5 21 12 31 38 19 48 26 42 2 35 14 17 16 41 6 37 13 29 27 10 47 49 36 43 25 15 18 40 9 11 8 45 20 22 32 3 33 39 4 46 30 50 
HLB: 2
SLF Integral: 4

1 33 36 35 19 21 5 46 29 26 24 17 34 25 32 12 15 13 45 47 43 40 39 30 38 31 22 18 8 23 4 10 7 37 3 28 20 44 27 11 42 49 2 9 16 6 48 14 41 50 
HLB: 3
SLF Integral: 4

1 8 31 17 47 22 44 10 12 41 18 3 27 20 38 19 30 42 16 7 2 43 23 6 35 28 4 33 45 21 29 26 40 11 24 36 9 25 39 37 49 34 32 5 15 48 14 46 13 50 
HLB: 3
SLF Integral: 4

1 24 48 36 25 42 34 20 27 26 39 37 16 49 17 14 19 5 43 10 40 12 47 28 41 8 13 44 33 3 32 4 35 2 7 46 9 23 38 6 29 21 18 30 45 22 15 11 31 50 
HLB: 3
SLF Integral: 4

1 13 11 4 35 49 14 46 6 16 44 29 47 43 18 21 42 39 9 33 36 2 7 5 8 28 24 23 25 34 40 15 10 17 27 48 32 30 12 3 31 38 37 41 20 45 26 19 22 50 
HLB: 3
SLF Integral: 4

1 3 7 10 26 43 14 23 13 25 48 34 17 5 42 6 38 46 21 44 11 19 30 32 9 47 16 8 29 28 49 22 18 20 37 35 39 45 33 27 24 36 12 31 2 41 15 40 4 50 
HLB: 2
SLF Integral: 4

1 32 3 9 43 17 11 6 42 44 18 2 33 26 35 39 48 15 38 25 5 7 24 36 41 45 49 34 12 31 22 13 37 19 10 40 47 46 29 28 20 8 21 4 23 14 30 16 27 50 
HLB: 3
SLF Integral: 4

1 3 17 16 23 18 36 13 34 25 20 35 12 32 42 4 45 5 24 10 49 15 7 38 26 40 43 39 21 8 27 33 31 30 29 9 19 14 47 6 46 41 22 37 11 28 2 44 48 50 
HLB: 4
SLF Integral: 5

1 29 26 41 17 33 3 43 8 24 31 14 38 37 16 6 21 49 44 39 23 32 7 10 2 22 36 48 28 40 9 19 5 34 13 4 12 27 30 35 46 15 11 25 20 47 42 45 18 50 
HLB: 3
SLF Integral: 5

1 36 8 15 42 48 5 43 13 12 32 25 30 46 3 44 40 4 16 28 27 17 38 29 49 22 33 14 24 31 7 39 34 18 20 19 23 37 35 45 10 9 6 47 2 11 41 21 26 50 
HLB: 3
SLF Integral: 3

1 37 12 32 4 13 46 27 29 43 30 15 5 20 10 45 40 33 21 36 3 11 26 25 47 41 34 49 22 9 23 35 48 16 38 19 17 24 18 44 39 6 8 42 14 31 28 2 7 50 
HLB: 3
SLF Integral: 4

1 9 13 5 48 25 15 7 30 14 8 23 32 16 26 47 29 12 4 2 38 40 22 37 31 36 45 19 21 43 20 27 46 10 35 18 6 49 34 28 39 11 41 44 24 42 17 3 33 50 
HLB: 2
SLF Integral: 4

1 44 14 3 15 13 48 22 40 20 39 37 23 34 36 28 18 11 30 46 25 5 33 31 29 45 43 10 35 7 42 9 4 27 21 32 19 41 16 8 17 24 38 26 49 6 12 47 2 50 
HLB: 3
SLF Integral: 4

1 18 8 12 2 7 47 17 41 49 42 13 3 45 30 19 39 11 26 33 5 28 6 21 31 27 46 4 14 20 38 10 40 23 37 24 48 16 15 34 36 35 44 9 43 22 32 25 29 50 
HLB: 3
SLF Integral: 4

1 8 18 33 14 32 6 42 9 30 3 36 19 35 48 39 34 20 17 2 23 40 29 44 31 43 24 7 22 27 21 45 5 13 41 12 16 10 28 4 15 25 49 37 47 46 38 11 26 50 
HLB: 4
SLF Integral: 5

1 40 33 9 46 4 8 26 37 2 22 44 19 21 41 3 10 47 39 24 23 17 32 13 49 12 25 43 35 48 31 38 20 27 29 15 5 14 28 34 45 36 42 18 11 6 30 7 16 50 
HLB: 3
SLF Integral: 4

1 33 4 27 29 37 45 48 36 18 3 12 6 11 20 32 26 25 9 43 39 47 16 42 8 22 38 30 23 7 24 10 17 49 40 34 46 35 5 14 13 2 19 21 44 15 41 28 31 50 
HLB: 3
SLF Integral: 4

1 29 13 17 31 11 48 41 40 19 9 30 2 22 8 46 36 5 7 27 44 35 4 32 49 18 28 12 47 42 38 16 20 14 3 24 23 15 26 21 43 25 37 34 6 39 33 45 10 50 
HLB: 3
SLF Integral: 4

1 11 3 35 2 24 33 49 23 31 20 16 25 18 13 43 5 4 10 17 7 45 27 14 40 9 15 41 12 37 44 47 26 19 32 28 38 29 6 8 42 34 48 39 46 22 36 30 21 50 
HLB: 2
SLF Integral: 4

1 33 17 36 16 31 20 46 11 48 30 8 6 44 43 29 41 45 39 3 5 38 28 27 24 13 21 35 25 23 9 37 12 32 4 22 18 7 2 42 10 40 26 47 34 19 14 49 15 50 
HLB: 3
SLF Integral: 4

1 23 27 14 22 44 17 13 26 21 9 39 24 38 6 2 42 35 3 12 40 11 43 30 41 8 20 16 19 31 36 7 48 46 29 33 18 45 34 25 37 47 15 32 4 49 10 5 28 50 
HLB: 3
SLF Integral: 4

1 46 48 37 11 26 24 47 42 40 15 36 25 17 30 43 23 38 41 10 49 31 12 18 39 6 2 21 14 13 45 20 27 7 35 3 9 8 44 5 33 28 4 16 34 19 22 29 32 50 
HLB: 3
SLF Integral: 4

1 5 4 16 37 7 35 29 33 23 49 42 12 2 26 47 22 48 36 9 44 38 34 10 18 3 25 24 11 40 45 41 21 28 15 30 27 17 6 20 31 46 32 14 19 13 43 39 8 50 
HLB: 3
SLF Integral: 4

1 17 5 16 32 42 20 11 34 4 22 21 49 30 9 6 23 31 19 3 18 45 25 27 43 10 47 37 41 28 2 8 12 48 39 26 38 15 33 24 7 44 36 29 13 35 40 14 46 50 
HLB: 2
SLF Integral: 4

1 42 2 16 22 11 47 6 23 37 41 40 25 28 13 30 46 12 27 34 14 3 49 9 18 4 29 21 33 15 19 44 36 45 32 39 7 5 17 24 43 35 31 26 8 38 20 10 48 50 
HLB: 3
SLF Integral: 4

1 43 27 9 17 32 19 30 20 5 24 28 12 21 16 47 39 44 29 35 2 48 22 7 15 8 46 41 13 38 10 37 18 4 25 6 33 42 34 49 3 23 40 36 45 11 31 14 26 50 
HLB: 3
SLF Integral: 4

1 9 46 24 13 8 41 19 21 47 28 3 44 34 45 22 15 29 12 33 42 49 26 4 18 27 37 11 7 32 20 6 35 17 23 38 25 16 14 2 30 48 5 39 36 31 40 43 10 50 
HLB: 3
SLF Integral: 4

1 15 45 41 27 32 7 4 44 37 34 42 19 31 25 24 6 5 35 10 47 43 26 2 30 48 17 28 46 16 33 22 39 36 21 23 13 12 11 38 40 49 14 3 8 29 18 9 20 50 
HLB: 3
SLF Integral: 4

1 16 40 10 24 44 13 6 39 46 45 5 8 18 48 32 28 41 7 30 11 29 37 42 49 25 47 19 31 17 12 14 9 3 26 15 20 4 35 23 21 38 2 34 33 27 22 43 36 50 
HLB: 3
SLF Integral: 4

1 9 3 34 24 10 12 40 14 22 20 41 30 25 42 45 7 27 38 13 49 47 11 46 29 44 26 37 8 39 43 17 2 23 28 48 19 16 4 33 36 32 15 5 18 21 31 6 35 50 
HLB: 3
SLF Integral: 4

1 15 47 32 9 44 33 2 23 20 8 34 28 7 18 22 6 16 43 41 10 27 35 25 45 42 17 40 21 4 46 39 48 24 12 5 13 11 30 36 31 29 37 19 26 3 14 49 38 50 
HLB: 3
SLF Integral: 4

1 31 35 37 27 18 46 19 43 9 8 20 33 32 3 15 12 22 34 36 38 17 30 29 44 23 47 40 25 28 10 4 41 13 45 26 6 42 16 5 14 39 11 7 21 49 48 2 24 50 
HLB: 3
SLF Integral: 4

1 15 32 43 38 8 25 23 30 28 34 36 3 22 7 40 27 21 4 14 9 33 41 10 26 46 2 35 45 44 17 48 5 20 16 18 37 19 29 31 49 24 6 11 13 42 47 39 12 50 
HLB: 3
SLF Integral: 4

1 13 49 29 28 12 31 8 14 41 43 36 15 2 16 7 22 39 33 45 42 35 21 38 20 5 46 9 40 34 19 10 48 30 17 47 23 26 25 44 37 3 27 32 24 11 4 18 6 50 
HLB: 3
SLF Integral: 4

1 4 35 10 5 18 37 25 46 28 34 38 43 33 47 3 6 9 48 45 17 22 24 20 49 11 23 40 39 26 14 42 12 15 13 29 8 31 36 19 7 2 27 44 41 32 16 30 21 50 
HLB: 3
SLF Integral: 4

1 41 27 12 46 17 7 26 42 15 30 37 29 22 31 33 19 18 43 47 4 24 28 48 35 23 49 6 10 36 21 45 5 2 34 14 40 16 3 13 39 20 8 38 11 32 9 44 25 50 
HLB: 2
SLF Integral: 4

1 19 25 46 30 20 39 47 36 17 14 7 2 33 15 13 23 12 27 8 26 9 41 48 34 37 43 35 49 31 21 18 22 11 44 3 29 24 38 4 10 16 28 6 40 5 42 45 32 50 
HLB: 2
SLF Integral: 3

1 18 45 17 13 4 32 2 28 42 23 9 7 22 31 37 10 6 39 15 27 8 20 3 5 12 49 48 29 19 38 30 47 33 43 24 36 34 26 14 46 11 41 16 40 25 21 35 44 50 
HLB: 3
SLF Integral: 4

1 45 31 33 17 49 13 3 37 43 23 6 39 41 26 28 2 16 44 40 19 22 9 29 7 36 21 25 34 48 8 24 46 11 30 14 32 20 12 15 5 42 35 18 10 4 47 27 38 50 
HLB: 3
SLF Integral: 4

1 9 45 24 15 13 23 42 35 31 37 19 38 2 46 26 16 25 7 49 47 43 11 27 5 18 33 22 6 44 14 20 32 34 29 4 10 40 12 39 36 48 21 8 28 17 3 30 41 50 
HLB: 3
SLF Integral: 4

1 23 35 4 8 15 13 30 26 20 41 22 34 33 10 27 40 47 12 5 29 42 7 31 6 44 25 39 24 45 16 18 2 28 32 49 37 19 48 17 9 3 46 43 36 11 21 14 38 50 
HLB: 3
SLF Integral: 4

1 36 22 7 15 14 48 43 11 31 21 17 24 30 39 19 6 32 8 12 25 16 35 49 40 44 4 33 42 20 3 47 9 28 2 27 29 18 13 26 23 46 38 34 37 41 5 45 10 50 
HLB: 3
SLF Integral: 4

1 49 13 26 18 9 37 40 4 48 6 27 14 36 41 45 2 19 38 8 32 34 33 47 12 15 20 7 11 30 46 29 17 23 31 35 22 44 24 10 25 43 21 16 5 3 39 28 42 50 
HLB: 2
SLF Integral: 4

1 23 2 10 43 15 40 42 45 14 9 28 6 29 19 12 5 49 8 48 35 32 31 16 25 13 17 36 20 22 44 39 11 38 30 37 27 47 7 41 26 46 21 18 3 33 24 34 4 50 
HLB: 3
SLF Integral: 5

1 44 22 35 10 33 19 13 25 5 16 40 2 34 24 27 8 30 38 17 28 18 23 43 46 36 6 39 26 21 48 20 29 45 12 37 42 47 4 32 49 7 9 41 31 15 3 14 11 50 
HLB: 2
SLF Integral: 4

1 16 30 26 46 23 41 35 28 9 31 15 37 25 12 47 21 3 19 34 4 24 18 17 13 49 14 39 45 32 6 5 36 38 2 33 22 29 11 8 20 42 44 40 27 10 7 43 48 50 
HLB: 3
SLF Integral: 4

1 22 20 29 26 46 33 8 35 32 47 10 38 24 21 48 9 42 13 37 12 31 27 19 45 39 30 4 11 16 18 6 34 15 41 23 40 49 43 25 2 5 28 14 3 17 7 44 36 50 
HLB: 3
SLF Integral: 4

1 14 22 39 24 46 32 44 17 8 40 25 37 36 28 15 30 6 16 33 23 31 3 18 41 27 26 10 9 19 47 4 34 21 35 20 2 42 48 29 38 45 43 49 5 7 11 13 12 50 
HLB: 3
SLF Integral: 4

1 9 41 16 12 31 37 47 5 27 38 11 40 3 8 43 19 36 7 17 29 32 48 25 14 26 33 49 42 20 6 21 46 18 23 4 44 39 10 15 30 34 13 22 35 2 24 45 28 50 
HLB: 3
SLF Integral: 4

1 27 39 38 17 47 15 10 26 33 6 16 7 37 11 46 45 28 18 34 42 44 21 43 32 3 30 25 19 49 23 8 12 9 14 24 41 48 2 5 20 29 31 35 40 36 13 4 22 50 
HLB: 3
SLF Integral: 4

1 34 43 23 47 32 22 39 12 14 25 21 28 46 11 42 18 6 29 40 5 15 8 30 24 45 37 36 3 35 38 41 13 10 48 44 31 17 2 4 20 33 26 16 19 7 9 49 27 50 
HLB: 3
SLF Integral: 4

1 19 23 49 4 31 11 28 38 9 41 24 40 30 27 18 6 2 17 37 15 14 26 5 36 48 3 21 25 45 43 12 47 33 16 35 32 44 39 34 42 22 8 46 13 10 7 29 20 50 
HLB: 3
SLF Integral: 5

1 11 18 35 10 2 20 30 7 37 47 15 45 12 21 25 42 41 19 32 5 26 43 46 44 8 27 16 49 40 6 48 24 22 14 38 33 39 28 36 17 31 9 13 23 3 34 4 29 50 
HLB: 3
SLF Integral: 4

1 16 18 14 20 39 13 8 44 38 30 15 24 17 3 46 32 48 26 40 45 41 34 6 12 9 47 23 33 36 5 29 35 25 37 19 4 7 31 49 21 11 43 42 10 28 22 27 2 50 
HLB: 3
SLF Integral: 4

1 40 2 35 8 11 4 3 21 25 18 7 32 24 48 30 44 16 33 43 29 17 12 10 15 34 42 36 13 5 26 31 49 20 45 19 27 47 6 37 14 39 9 23 38 22 28 46 41 50 
HLB: 2
SLF Integral: 4

1 39 19 22 47 33 12 27 37 11 24 40 31 5 20 13 38 25 32 18 7 14 34 17 35 30 49 21 8 41 3 44 4 45 28 2 42 46 10 26 15 23 6 36 29 43 48 16 9 50 
HLB: 3
SLF Integral: 4

1 35 19 16 3 17 47 15 18 36 20 9 11 4 30 8 25 2 32 22 24 41 43 27 45 40 28 6 46 38 42 37 26 7 49 44 31 14 33 12 21 48 5 10 29 39 23 13 34 50 
HLB: 3
SLF Integral: 4

1 37 4 19 8 12 41 48 40 35 38 23 44 31 25 21 11 14 39 42 10 49 13 5 47 16 9 6 24 33 18 30 22 3 29 26 15 28 27 46 17 43 45 32 36 20 34 2 7 50 
HLB: 2
SLF Integral: 4

1 49 9 8 10 15 43 35 19 22 38 6 46 17 27 37 34 47 11 16 42 31 20 32 48 26 24 21 44 4 40 36 5 14 18 23 2 7 29 3 45 30 39 28 33 41 13 12 25 50 
HLB: 3
SLF Integral: 4

1 4 44 13 32 10 20 25 41 19 6 12 36 42 14 27 29 23 18 34 7 31 33 5 35 22 48 28 43 15 39 11 21 26 45 2 17 37 30 9 24 3 40 47 8 16 49 46 38 50 
HLB: 3
SLF Integral: 3

1 10 13 40 42 20 23 8 26 44 43 6 19 47 28 11 34 45 39 17 29 38 22 25 37 46 14 32 36 7 16 5 24 18 49 27 35 15 41 48 31 30 21 12 2 33 9 4 3 50 
HLB: 3
SLF Integral: 4

1 24 38 42 45 44 6 39 4 47 36 28 12 8 17 11 9 15 2 21 30 7 49 48 16 14 32 34 22 20 40 46 27 37 5 10 33 25 43 13 18 41 26 29 35 31 23 19 3 50 
HLB: 3
SLF Integral: 4

1 5 17 8 3 34 22 32 16 13 21 10 49 43 47 4 36 15 39 23 44 37 40 14 28 31 42 12 45 7 33 27 26 30 2 41 38 6 25 24 35 29 11 20 9 48 18 46 19 50 
HLB: 3
SLF Integral: 4

1 18 7 17 34 40 32 23 9 30 44 3 27 33 31 37 26 12 46 39 11 48 43 29 22 4 25 45 20 28 16 2 15 5 38 49 14 24 13 8 19 21 6 42 47 36 41 35 10 50 
HLB: 3
SLF Integral: 4

1 41 11 4 2 43 36 27 8 48 12 47 20 34 37 3 17 23 25 38 22 45 32 15 5 26 16 49 7 31 13 21 19 42 28 44 30 24 35 6 33 18 46 9 40 29 14 39 10 50 
HLB: 3
SLF Integral: 4

1 48 27 22 18 8 26 15 24 3 49 10 33 21 16 42 40 9 46 30 35 29 17 2 41 31 45 11 38 6 43 37 12 7 34 14 32 4 36 19 44 23 39 25 5 13 28 20 47 50 
HLB: 3
SLF Integral: 4

1 45 41 8 28 39 21 13 4 48 27 3 24 46 17 40 38 32 20 26 16 11 22 2 30 36 10 29 25 23 44 9 34 47 14 5 37 12 33 49 35 42 6 15 19 31 18 43 7 50 
HLB: 3
SLF Integral: 4

1 3 23 6 34 8 29 49 27 17 20 14 47 35 41 2 33 42 44 26 21 48 39 24 28 32 9 30 25 4 40 43 12 15 31 10 7 46 36 18 5 38 13 16 45 19 22 11 37 50 
HLB: 2
SLF Integral: 4

1 35 16 21 24 20 38 32 25 12 7 23 13 39 31 26 17 42 28 3 29 27 14 43 8 33 44 10 41 47 18 6 49 22 5 9 34 40 46 45 36 19 48 15 30 11 37 2 4 50 
HLB: 3
SLF Integral: 4

1 44 7 38 49 27 33 39 37 32 35 17 3 42 20 48 46 8 6 29 22 26 15 11 41 31 36 40 47 5 34 25 2 12 45 4 21 43 19 16 24 9 30 28 23 14 18 10 13 50 
HLB: 3
SLF Integral: 4

1 6 34 10 45 40 4 39 15 23 21 29 8 14 26 36 35 18 28 37 47 33 41 16 48 27 49 44 20 5 2 12 22 25 43 38 7 11 31 13 30 17 42 9 32 46 24 3 19 50 
HLB: 3
SLF Integral: 4

1 44 7 43 2 33 21 5 23 3 29 48 35 26 37 49 36 19 22 10 14 38 42 16 15 32 30 12 17 31 13 39 6 8 25 9 47 11 40 24 27 34 41 18 45 28 4 46 20 50 
HLB: 3
SLF Integral: 4

1 47 10 37 48 43 35 21 15 49 45 29 17 38 11 3 9 27 33 2 39 18 4 16 26 23 41 6 25 36 24 44 30 20 22 13 34 19 40 42 7 46 28 12 8 32 5 31 14 50 
HLB: 3
SLF Integral: 4

1 6 3 27 11 15 37 25 5 44 16 7 29 14 23 30 32 47 2 45 17 28 35 40 43 4 18 34 42 49 36 33 38 9 8 12 41 10 22 13 48 26 20 46 39 19 24 21 31 50 
HLB: 2
SLF Integral: 4

1 18 10 35 21 46 11 22 49 43 41 33 28 48 5 37 30 26 23 3 36 25 32 20 42 45 8 17 13 47 9 4 7 12 40 44 27 15 2 14 34 19 24 38 16 39 31 6 29 50 
HLB: 3
SLF Integral: 5

1 49 44 33 37 12 48 27 8 32 19 23 13 3 43 16 41 6 46 18 45 5 26 11 34 31 17 47 21 30 15 29 2 22 36 24 35 38 25 42 7 14 10 28 20 4 39 9 40 50 
HLB: 3
SLF Integral: 4

1 25 11 8 29 21 32 49 41 24 12 30 4 48 6 20 45 17 38 42 35 16 5 47 40 28 34 23 9 44 39 13 31 22 7 14 18 15 26 46 10 37 33 19 2 36 43 3 27 50 
HLB: 3
SLF Integral: 4

1 17 39 48 8 29 2 18 30 23 26 38 37 12 43 14 47 7 3 49 13 19 28 34 32 11 4 44 33 45 15 5 21 40 25 35 22 36 10 20 27 16 46 42 41 31 6 9 24 50 
HLB: 3
SLF Integral: 4

1 19 12 9 18 32 14 47 6 30 43 40 31 33 13 11 21 24 29 5 4 3 23 42 7 46 26 41 20 27 2 15 25 22 28 35 38 34 49 16 10 37 39 44 36 45 48 17 8 50 
HLB: 3
SLF Integral: 4

1 19 24 48 32 18 31 46 45 40 9 5 30 22 2 4 26 11 10 14 34 23 38 3 47 6 37 25 43 8 17 41 35 29 15 36 7 42 33 27 21 12 49 13 16 28 44 39 20 50 
HLB: 4
SLF Integral: 5

1 48 4 28 7 17 44 49 16 34 43 36 9 26 6 5 14 35 47 24 19 10 32 40 29 2 25 31 8 13 46 21 37 30 33 12 23 39 41 38 22 20 42 11 3 15 27 45 18 50 
HLB: 3
SLF Integral: 4

1 33 7 27 18 34 26 39 35 38 42 29 23 10 17 24 5 12 48 41 40 47 22 32 20 14 36 25 3 15 28 6 30 2 44 21 37 49 19 11 9 31 45 8 4 46 16 43 13 50 
HLB: 3
SLF Integral: 4

1 20 8 38 9 23 15 12 35 30 34 31 5 17 33 4 25 27 3 11 36 39 28 37 47 46 26 32 19 14 49 48 40 22 45 16 18 42 6 43 10 7 13 41 21 24 29 44 2 50 
HLB: 4
SLF Integral: 4

1 29 5 19 26 13 20 10 27 40 23 15 17 12 3 7 30 22 45 41 2 14 24 49 44 33 4 37 43 11 38 42 34 31 28 47 46 32 36 39 6 48 16 21 9 25 18 8 35 50 
HLB: 3
SLF Integral: 4

1 12 35 27 5 29 28 36 43 11 15 2 32 31 24 46 17 16 49 3 6 33 30 41 45 25 18 13 42 38 34 19 37 40 44 26 23 39 22 20 4 48 8 47 9 14 21 7 10 50 
HLB: 3
SLF Integral: 5

1 37 24 29 46 30 23 11 9 25 42 5 21 41 12 39 16 45 17 15 36 49 14 48 19 10 3 31 18 38 8 20 26 47 35 6 32 40 7 13 43 4 27 2 34 44 33 28 22 50 
HLB: 2
SLF Integral: 4

1 38 10 48 14 5 25 21 46 18 23 41 49 37 24 15 34 11 17 7 43 22 8 2 26 16 27 35 40 13 3 6 28 31 30 33 39 20 47 12 4 19 42 44 9 36 29 45 32 50 
HLB: 2
SLF Integral: 4

1 47 8 17 6 33 11 4 26 38 45 29 20 5 36 15 27 2 48 42 12 16 44 24 43 14 9 32 7 13 37 31 34 25 10 41 40 19 21 35 28 49 30 39 23 46 22 3 18 50 
HLB: 3
SLF Integral: 4

1 3 16 13 23 27 40 48 4 34 28 41 18 10 42 31 36 49 25 43 21 8 11 46 7 6 33 37 20 17 38 22 30 14 9 35 19 32 15 29 2 12 5 47 44 26 24 45 39 50 
HLB: 3
SLF Integral: 4

1 14 27 40 49 30 47 9 28 7 10 20 46 2 24 3 36 42 38 17 39 34 12 19 26 23 41 31 6 16 4 8 45 29 44 37 13 33 43 5 15 21 18 25 48 22 11 32 35 50 
HLB: 2
SLF Integral: 4

1 9 33 16 20 45 14 11 3 40 37 24 31 36 27 46 12 6 13 17 25 41 32 44 2 4 18 49 38 28 48 8 42 5 22 47 30 29 15 43 26 23 7 39 21 10 35 34 19 50 
HLB: 3
SLF Integral: 4

1 11 44 24 32 42 37 25 39 12 16 49 19 5 4 15 18 21 26 34 41 33 13 38 30 27 20 2 31 10 23 17 6 45 3 8 29 48 35 43 9 46 36 28 14 22 47 7 40 50 
HLB: 2
SLF Integral: 4

1 41 48 14 45 37 22 32 7 21 43 13 29 24 28 12 44 42 20 33 47 3 16 6 35 49 34 27 39 19 8 36 10 38 9 23 4 46 26 18 40 11 15 5 17 30 2 31 25 50 
HLB: 3
SLF Integral: 4

1 39 9 27 3 34 19 16 7 26 36 25 6 45 43 31 14 21 8 13 12 4 37 28 42 17 49 15 18 24 41 22 29 35 2 46 11 23 20 30 33 5 48 38 47 10 32 44 40 50 
HLB: 3
SLF Integral: 5

1 19 32 17 41 44 8 27 3 48 39 13 22 21 16 37 28 7 5 23 34 47 29 2 18 10 38 45 25 36 31 12 30 49 11 4 43 40 46 35 42 33 14 24 26 6 20 9 15 50 
HLB: 3
SLF Integral: 4

1 17 25 43 15 47 36 11 49 37 44 13 29 12 41 28 38 5 8 19 26 22 18 31 24 14 35 4 2 23 42 6 20 48 30 10 21 45 3 40 34 46 32 7 9 27 39 33 16 50 
HLB: 2
SLF Integral: 5

1 5 22 30 32 6 15 45 47 23 20 44 9 37 29 10 39 17 24 12 21 16 26 7 14 3 13 8 38 35 42 40 27 43 25 48 28 41 4 31 18 34 33 2 36 49 11 19 46 50 
HLB: 3
SLF Integral: 4

1 3 10 4 17 20 48 33 38 40 26 7 15 19 46 23 22 41 30 2 43 21 32 6 35 29 14 24 44 12 28 9 36 34 16 27 39 45 47 42 5 8 13 49 37 25 11 31 18 50 
HLB: 3
SLF Integral: 4

1 32 12 2 33 45 13 31 41 46 21 49 43 22 14 48 4 23 8 7 16 30 9 37 3 19 6 47 40 42 15 24 36 28 20 18 17 29 10 35 34 44 11 5 26 25 39 27 38 50 
HLB: 3
SLF Integral: 4

1 40 6 31 24 36 10 17 30 39 12 37 4 44 43 9 47 38 35 45 14 8 29 34 42 21 7 32 41 18 15 11 16 3 25 46 19 2 49 28 27 22 26 20 33 5 13 23 48 50 
HLB: 3
SLF Integral: 4

1 34 32 45 26 2 46 38 42 47 15 43 8 35 18 49 44 33 22 48 21 28 7 30 3 39 29 27 14 16 9 11 13 12 23 20 41 10 4 19 31 6 40 37 17 24 5 36 25 50 
HLB: 3
SLF Integral: 4

1 44 28 24 49 20 5 17 35 39 4 40 48 43 22 11 13 32 46 31 16 29 33 36 10 19 25 38 45 27 12 41 7 26 47 6 14 37 9 8 21 42 3 18 34 23 15 2 30 50 
HLB: 3
SLF Integral: 4

1 15 38 30 27 49 24 46 21 11 20 9 32 7 16 26 36 35 6 34 17 42 10 33 45 47 37 29 31 25 28 48 13 41 3 23 44 12 40 18 4 43 5 39 8 19 22 2 14 50 
HLB: 3
SLF Integral: 4

1 30 7 22 42 45 47 16 12 38 27 20 36 18 43 48 25 19 49 6 31 35 23 39 14 34 44 10 2 46 4 29 9 32 41 37 28 15 33 8 13 17 40 21 3 5 26 11 24 50 
HLB: 3
SLF Integral: 4

1 34 46 12 23 39 27 3 48 2 4 20 35 24 7 44 18 5 49 43 25 32 26 36 22 9 31 30 19 29 33 21 16 38 41 15 37 6 13 28 45 42 8 47 14 10 17 40 11 50 
HLB: 3
SLF Integral: 4

1 48 19 17 13 2 10 42 12 29 14 36 23 34 47 33 6 4 26 38 25 21 9 30 20 43 45 8 24 27 41 32 49 18 3 22 46 11 7 16 44 5 28 31 40 15 35 39 37 50 
HLB: 3
SLF Integral: 4

1 18 40 28 31 45 38 14 9 33 35 3 20 48 19 21 4 12 24 42 30 37 49 8 46 6 16 32 29 13 5 47 2 43 27 26 25 41 11 7 15 36 23 44 39 17 34 22 10 50 
HLB: 3
SLF Integral: 4

1 26 36 16 34 8 25 35 37 3 18 48 42 19 15 33 27 10 12 32 30 9 47 24 39 5 46 29 22 43 2 7 17 20 28 23 49 11 4 13 44 38 45 21 31 40 6 14 41 50 
HLB: 3
SLF Integral: 3

1 7 19 41 32 10 24 43 6 9 20 28 47 14 26 45 3 5 33 38 42 8 2 4 21 34 37 36 35 22 12 49 23 46 15 44 18 17 11 40 29 48 25 31 39 13 27 30 16 50 
HLB: 4
SLF Integral: 5

1 18 38 5 49 47 8 30 23 45 22 42 9 25 10 3 26 39 15 4 14 48 27 20 31 6 24 44 40 12 41 46 32 29 28 43 37 7 13 16 34 36 11 33 2 17 19 21 35 50 
HLB: 3
SLF Integral: 4

1 33 3 49 15 13 10 29 4 44 46 39 14 22 2 48 7 35 30 18 47 21 8 45 19 28 26 31 16 9 41 24 20 43 5 25 17 6 34 37 12 42 36 40 23 38 11 32 27 50 
HLB: 3
SLF Integral: 4

1 11 21 9 28 17 3 44 43 5 31 29 8 38 30 10 25 2 32 24 19 12 35 13 16 46 20 34 37 6 42 27 39 45 7 26 15 4 14 22 49 36 40 48 47 18 33 41 23 50 
HLB: 3
SLF Integral: 4

1 14 46 30 4 26 39 28 36 8 31 27 10 40 43 3 25 24 37 17 2 23 13 34 44 19 29 45 12 6 18 48 47 11 16 9 20 38 41 49 15 33 7 32 5 22 35 21 42 50 
HLB: 3
SLF Integral: 4

1 45 42 25 18 13 12 9 47 23 28 46 37 48 21 8 32 15 34 3 49 44 29 10 5 31 22 14 19 41 24 43 27 11 20 7 35 38 36 4 6 39 16 40 2 30 33 26 17 50 
HLB: 3
SLF Integral: 4

1 47 14 4 3 49 36 17 27 19 44 12 29 2 25 48 11 42 5 41 22 9 45 28 31 46 33 7 6 18 34 10 23 35 39 24 21 15 8 26 20 30 38 13 40 43 16 37 32 50 
HLB: 2
SLF Integral: 4

1 44 26 10 30 42 47 29 35 43 36 17 5 23 12 24 4 9 22 18 15 38 13 8 16 45 31 14 2 39 34 6 27 40 28 33 32 37 19 41 11 49 46 3 7 21 20 48 25 50 
HLB: 3
SLF Integral: 3

1 15 20 18 32 49 4 35 46 41 12 23 19 14 5 8 33 7 37 48 9 28 38 43 13 40 24 42 16 36 22 2 45 3 39 47 25 30 27 31 44 10 29 34 26 11 17 6 21 50 
HLB: 3
SLF Integral: 4

1 6 20 41 46 45 29 7 3 47 16 39 42 27 26 38 2 28 17 24 40 31 15 14 36 9 32 22 33 43 30 11 35 34 44 8 37 12 18 23 49 21 13 19 48 4 10 25 5 50 
HLB: 3
SLF Integral: 4

1 11 6 44 35 8 32 7 37 15 43 2 26 24 48 9 30 29 49 22 21 36 27 40 5 20 46 42 33 41 16 4 45 39 10 19 18 34 17 23 47 12 14 31 28 3 38 13 25 50 
HLB: 3
SLF Integral: 4

1 27 42 38 16 30 14 21 23 15 46 2 36 35 20 11 37 7 18 39 49 4 41 6 43 34 25 5 32 47 24 40 9 45 28 10 17 8 26 29 22 12 48 31 33 44 19 13 3 50 
HLB: 3
SLF Integral: 4

1 41 5 46 38 47 49 7 22 13 19 21 33 44 32 18 27 12 23 2 48 43 35 3 9 30 16 26 40 15 31 25 4 6 45 17 8 20 36 34 24 37 42 28 11 14 10 29 39 50 
HLB: 3
SLF Integral: 4

1 37 23 3 38 49 8 16 40 27 7 36 22 12 32 31 30 24 5 9 17 41 20 48 13 11 33 14 18 46 25 45 2 4 43 35 6 29 28 10 34 19 39 26 44 42 21 47 15 50 
HLB: 4
SLF Integral: 5

1 24 14 42 28 8 17 9 49 38 36 20 22 30 3 40 29 18 11 48 4 31 7 2 23 37 34 33 46 10 13 41 6 45 12 16 15 27 32 26 21 25 44 47 43 35 19 5 39 50 
HLB: 3
SLF Integral: 4

1 47 5 13 42 45 26 39 43 4 28 33 20 23 34 48 9 19 31 17 41 6 35 10 40 30 38 32 7 44 21 29 22 25 3 16 36 2 49 14 18 37 11 27 12 24 8 46 15 50 
HLB: 2
SLF Integral: 4

1 35 41 38 19 10 22 29 17 11 46 44 13 15 48 27 2 4 16 31 37 42 28 33 32 8 34 3 24 45 12 43 40 21 39 47 5 18 26 6 30 20 36 14 7 25 9 49 23 50 
HLB: 3
SLF Integral: 4

1 11 5 42 22 7 47 35 45 30 19 10 27 41 39 37 28 2 44 29 25 49 34 31 26 21 36 4 20 48 24 18 3 33 14 13 46 9 43 38 17 6 16 8 32 15 12 23 40 50 
HLB: 3
SLF Integral: 5

1 22 45 4 49 34 3 31 44 38 35 7 17 25 20 33 14 10 29 21 41 5 19 2 42 8 47 11 27 16 48 37 28 36 40 13 23 9 30 6 43 15 46 12 24 18 39 26 32 50 
HLB: 3
SLF Integral: 4

1 7 27 43 19 17 22 40 38 36 14 23 4 33 35 12 49 6 20 46 48 2 30 18 24 26 11 44 42 47 3 16 13 31 10 45 41 37 25 21 32 29 39 15 9 34 28 5 8 50 
HLB: 3
SLF Integral: 5

1 10 23 30 47 24 17 11 20 40 19 43 49 21 9 35 18 25 6 5 44 39 34 16 37 15 28 38 32 2 7 33 26 4 31 14 12 45 22 13 42 29 36 3 41 46 8 27 48 50 
HLB: 3
SLF Integral: 4

1 40 44 10 37 42 6 12 15 25 20 46 19 38 21 45 23 33 11 8 24 2 13 35 18 3 48 9 17 16 26 49 34 5 29 7 41 30 14 39 36 31 27 43 22 47 4 32 28 50 
HLB: 3
SLF Integral: 4

1 41 13 44 11 27 3 29 36 38 6 26 30 16 5 45 33 23 8 7 12 21 42 47 10 43 19 24 15 37 18 35 2 49 31 25 32 34 28 40 48 20 4 46 22 14 39 17 9 50 
HLB: 2
SLF Integral: 4

1 17 46 30 27 14 29 34 47 18 48 16 20 7 32 19 38 5 15 12 6 23 42 9 26 8 37 3 35 41 28 25 11 45 39 31 44 33 10 22 36 4 13 43 49 21 2 24 40 50 
HLB: 3
SLF Integral: 4

1 6 42 37 3 30 43 13 9 29 15 40 45 20 10 22 2 34 32 48 47 36 39 31 33 26 16 19 27 21 38 35 14 17 24 12 25 28 18 41 5 49 23 7 46 44 4 11 8 50 
HLB: 3
SLF Integral: 4

1 10 22 9 29 11 35 17 26 30 28 41 33 12 34 19 32 47 3 15 6 25 38 23 43 20 37 40 44 27 46 48 7 5 2 13 42 39 21 18 8 4 49 16 14 24 31 36 45 50 
HLB: 2
SLF Integral: 3

1 27 38 9 33 14 26 5 40 20 12 46 43 47 2 32 7 36 21 19 10 15 44 25 6 24 31 35 30 4 13 45 8 29 34 11 49 41 17 42 37 22 3 16 18 39 28 48 23 50 
HLB: 3
SLF Integral: 4

1 33 26 36 46 12 49 18 16 2 9 25 41 43 6 20 44 22 4 7 11 31 24 19 21 35 30 15 29 3 40 5 14 8 47 17 13 37 28 45 32 48 38 34 39 42 27 23 10 50 
HLB: 3
SLF Integral: 4

1 7 10 2 16 20 12 28 35 40 17 9 31 26 29 21 37 18 43 47 8 45 36 19 32 41 22 44 42 49 27 14 4 11 15 24 46 3 6 33 48 34 30 38 23 25 39 13 5 50 
HLB: 2
SLF Integral: 4

1 23 15 25 44 46 27 11 36 20 17 38 3 40 19 48 21 7 12 43 9 31 29 42 8 45 2 30 32 13 47 49 39 14 18 34 5 24 41 35 26 22 28 37 16 4 6 33 10 50 
HLB: 3
SLF Integral: 4

1 24 9 49 30 25 23 18 39 10 5 47 32 15 37 41 34 12 7 13 2 19 11 8 4 42 33 22 36 40 6 17 26 21 43 38 46 44 20 45 3 14 48 28 31 35 16 27 29 50 
HLB: 3
SLF Integral: 4

1 36 18 39 29 35 8 17 30 45 22 14 10 27 6 23 11 5 37 16 13 4 41 48 21 49 46 9 32 28 44 26 33 31 43 34 38 12 25 40 3 47 7 42 24 2 20 15 19 50 
HLB: 3
SLF Integral: 4

1 49 13 32 4 16 44 36 35 33 23 9 12 34 45 30 18 29 15 6 21 31 41 3 25 39 38 26 46 11 5 27 20 48 10 8 40 22 43 24 19 14 7 2 17 42 47 28 37 50 
HLB: 3
SLF Integral: 4

1 44 26 14 37 9 20 36 43 33 39 7 45 29 17 34 49 5 11 21 27 38 10 24 22 47 16 12 31 42 8 40 3 32 18 23 48 30 41 35 19 13 2 6 28 15 25 46 4 50 
HLB: 2
SLF Integral: 4

1 21 20 3 44 12 26 8 16 33 24 42 22 41 9 28 18 36 46 43 47 34 10 48 13 30 27 15 40 32 2 7 31 11 23 5 17 45 35 39 38 14 4 49 25 29 37 19 6 50 
HLB: 3
SLF Integral: 4

1 15 48 20 45 25 49 37 35 21 16 7 5 4 2 44 12 10 17 30 13 11 3 28 22 36 8 39 41 18 33 43 42 24 34 9 14 31 38 47 6 23 40 29 46 26 19 27 32 50 
HLB: 3
SLF Integral: 4

1 33 5 23 20 28 9 35 37 13 22 45 2 47 12 49 46 39 25 3 15 10 29 40 16 8 41 6 32 7 43 38 18 48 11 31 42 26 36 17 34 19 44 14 21 27 4 30 24 50 
HLB: 3
SLF Integral: 4

1 41 47 26 34 33 28 8 44 9 27 49 29 48 24 3 2 11 19 37 36 23 31 7 40 4 22 15 39 12 18 45 16 10 6 5 21 32 42 35 43 13 38 46 17 25 14 20 30 50 
HLB: 3
SLF Integral: 3

1 40 19 7 23 20 4 42 29 41 30 2 9 14 45 13 44 24 47 27 18 5 48 28 10 38 49 17 26 15 21 46 16 6 22 32 43 37 3 11 8 39 36 25 12 35 31 34 33 50 
HLB: 2
SLF Integral: 4

1 38 7 48 41 2 39 45 4 34 10 47 46 20 36 23 35 13 8 3 22 49 6 18 31 40 24 28 27 12 29 5 14 43 37 30 15 19 11 42 33 32 16 21 25 44 17 26 9 50 
HLB: 3
SLF Integral: 4

1 39 19 25 37 9 18 29 36 13 7 17 47 33 35 44 34 15 2 23 32 21 30 22 27 5 26 48 3 12 46 38 28 41 8 16 31 24 4 49 6 42 14 20 40 43 45 11 10 50 
HLB: 2
SLF Integral: 4

1 43 19 23 48 26 31 10 22 35 32 17 39 27 45 18 33 42 12 4 3 2 25 7 28 36 49 5 34 29 24 9 30 40 8 11 14 16 15 38 13 41 6 20 46 21 37 44 47 50 
HLB: 3
SLF Integral: 4

1 27 13 11 25 18 37 28 3 36 47 33 43 16 30 10 6 45 42 29 12 2 21 32 5 9 17 41 23 35 44 39 26 7 34 40 48 22 24 31 19 46 38 8 49 15 20 14 4 50 
HLB: 3
SLF Integral: 4

1 43 21 15 25 4 40 30 10 19 3 5 47 29 24 17 8 49 39 42 26 33 2 37 27 41 18 45 11 9 31 12 23 36 34 6 35 16 13 44 7 14 32 38 28 48 22 20 46 50 
HLB: 3
SLF Integral: 4

1 27 37 9 36 20 5 18 8 26 16 13 21 25 45 40 3 43 34 24 4 15 41 33 11 28 38 12 29 14 48 31 10 32 44 46 35 17 30 7 42 49 6 19 2 39 23 22 47 50 
HLB: 3
SLF Integral: 3

1 19 46 38 16 27 13 5 42 3 40 7 37 29 6 14 28 45 20 49 30 47 33 32 9 18 41 35 44 11 25 2 8 39 4 15 12 31 43 26 36 10 23 48 24 22 21 34 17 50 
HLB: 3
SLF Integral: 4

1 29 44 43 25 12 11 36 41 27 5 15 33 38 16 14 4 19 13 49 2 28 48 3 34 9 37 18 40 6 46 7 23 22 26 31 45 8 39 24 30 35 42 21 32 10 17 20 47 50 
HLB: 3
SLF Integral: 4

1 27 31 47 7 48 45 15 49 35 3 37 46 19 5 41 24 36 18 25 12 38 9 42 20 14 22 39 43 10 44 34 32 8 33 23 11 21 6 29 4 16 26 40 28 30 13 17 2 50 
HLB: 3
SLF Integral: 4

1 37 27 4 12 17 30 28 36 23 26 24 33 18 8 43 31 14 9 25 47 10 45 29 20 11 32 21 13 2 49 35 15 5 34 3 22 44 40 48 6 39 41 38 7 19 46 16 42 50 
HLB: 2
SLF Integral: 3

1 44 2 35 4 31 29 7 6 20 38 10 15 12 18 23 36 5 34 45 25 14 37 43 11 28 46 33 19 42 41 48 40 30 3 32 49 24 26 21 47 39 16 13 9 27 8 17 22 50 
HLB: 3
SLF Integral: 3

1 34 48 3 16 33 40 23 39 8 41 36 42 14 12 11 37 9 45 29 15 26 32 27 30 43 46 22 6 21 47 20 17 38 49 2 44 18 5 19 25 31 24 4 10 13 35 7 28 50 
HLB: 2
SLF Integral: 4

1 10 33 35 28 15 45 40 24 38 8 5 39 12 21 36 2 4 43 16 3 7 42 37 13 11 19 29 32 9 18 46 23 31 14 22 27 47 6 25 17 20 48 41 44 30 49 26 34 50 
HLB: 2
SLF Integral: 3

1 26 23 10 14 11 38 17 46 15 22 47 21 32 42 2 13 3 35 45 6 9 37 29 16 30 24 48 40 5 4 18 25 49 41 34 44 19 7 33 27 43 39 12 8 28 20 31 36 50 
HLB: 3
SLF Integral: 4

1 26 41 30 45 3 2 22 35 29 16 9 21 17 24 42 48 13 25 12 49 10 8 15 14 11 18 27 20 34 44 43 4 33 31 38 5 47 19 6 37 7 40 28 36 32 23 39 46 50 
HLB: 3
SLF Integral: 4

1 37 3 47 21 33 6 44 38 14 11 41 5 18 30 40 24 43 36 2 48 20 39 34 46 25 27 17 19 9 35 22 31 4 16 23 42 45 8 12 15 13 28 10 32 49 7 29 26 50 
HLB: 2
SLF Integral: 3

1 27 9 14 46 4 47 30 25 19 45 10 34 44 39 12 29 33 35 43 37 49 36 22 41 6 2 15 38 13 40 42 21 31 28 17 8 26 7 48 32 24 5 23 11 18 20 3 16 50 
HLB: 2
SLF Integral: 4

1 9 29 43 4 48 30 20 27 42 12 26 13 31 46 36 19 33 32 7 3 22 41 34 40 10 49 16 18 35 23 11 5 25 38 6 17 21 24 14 37 44 8 39 28 15 45 2 47 50 
HLB: 3
SLF Integral: 4

1 28 47 32 24 36 21 7 37 12 48 16 5 11 3 22 9 26 34 39 20 35 38 42 15 27 45 14 17 46 8 31 44 33 18 41 49 2 29 19 6 43 13 25 40 4 23 10 30 50 
HLB: 2
SLF Integral: 4

1 12 49 6 29 34 38 19 43 3 31 36 26 48 5 46 41 40 7 9 28 44 24 13 22 27 10 15 42 4 30 45 39 11 17 33 2 47 20 35 14 23 16 8 25 21 18 32 37 50 
HLB: 3
SLF Integral: 4

1 43 26 28 10 20 15 41 19 8 24 34 18 2 11 39 38 6 36 40 48 35 31 42 12 32 47 14 7 37 30 3 17 16 23 29 22 21 4 9 13 45 5 27 49 25 46 44 33 50 
HLB: 3
SLF Integral: 5

1 5 18 37 20 10 40 2 27 6 45 24 4 48 26 39 29 49 28 17 21 43 12 30 23 14 8 41 9 3 46 32 36 38 19 34 25 11 31 16 22 15 7 13 35 33 42 44 47 50 
HLB: 2
SLF Integral: 4

1 22 16 2 37 33 26 13 40 45 6 49 31 39 23 14 28 46 32 44 27 34 30 29 43 42 9 5 12 35 47 8 4 24 21 36 18 20 15 48 19 3 10 38 17 7 11 41 25 50 
HLB: 3
SLF Integral: 4

1 19 25 39 18 28 2 26 40 27 17 42 37 32 45 16 47 41 30 23 14 35 29 36 21 20 5 46 15 22 44 10 48 4 38 31 8 3 43 49 6 9 33 24 11 13 12 34 7 50 
HLB: 3
SLF Integral: 4

1 21 23 3 7 42 33 4 25 36 45 26 5 10 37 12 28 34 43 14 19 2 35 20 17 40 38 22 8 13 44 11 16 15 46 39 30 47 32 24 49 18 31 41 9 27 6 29 48 50 
HLB: 3
SLF Integral: 4

1 45 44 9 35 33 4 30 3 28 7 31 19 32 21 12 23 10 47 49 29 36 38 15 40 42 26 43 20 24 5 48 46 17 11 6 25 13 22 18 37 2 41 39 8 16 27 14 34 50 
HLB: 3
SLF Integral: 4

1 34 29 25 41 16 15 38 30 33 35 27 36 24 47 20 42 19 46 11 45 37 39 6 8 49 10 32 40 43 14 18 48 17 44 4 7 3 28 23 5 31 22 9 2 12 26 21 13 50 
HLB: 2
SLF Integral: 4

1 21 48 22 24 14 46 32 18 47 43 26 23 44 4 10 39 30 20 7 5 45 9 2 27 13 12 29 35 34 28 38 19 33 37 6 3 49 16 8 41 15 42 17 40 31 36 11 25 50 
HLB: 3
SLF Integral: 5

1 48 23 19 27 40 39 21 28 14 24 29 5 13 35 34 41 3 17 16 2 45 4 10 22 6 32 46 11 8 33 43 26 36 15 25 37 20 12 44 42 18 7 47 30 49 38 9 31 50 
HLB: 3
SLF Integral: 4

1 16 11 13 49 46 5 47 44 38 4 21 10 6 2 9 41 7 34 20 43 12 40 32 27 25 19 45 26 39 17 30 22 8 18 14 33 36 29 23 42 31 24 48 35 15 3 37 28 50 
HLB: 3
SLF Integral: 5

1 49 27 13 34 41 20 11 31 38 47 42 29 2 48 33 43 30 22 45 32 14 12 36 19 4 35 5 28 8 25 40 9 24 7 15 23 18 3 39 10 17 44 6 37 16 26 46 21 50 
HLB: 3
SLF Integral: 4

1 18 3 38 16 12 7 6 37 47 29 44 33 25 45 24 43 34 30 48 35 14 5 40 23 10 32 2 8 36 21 41 20 46 27 4 26 19 11 42 31 15 9 28 13 39 49 22 17 50 
HLB: 2
SLF Integral: 4

1 23 12 17 15 49 13 30 26 36 45 7 38 6 5 48 41 3 22 47 46 42 21 14 11 4 37 43 2 31 18 39 27 33 32 29 10 19 16 8 34 24 35 25 20 28 9 40 44 50 
HLB: 4
SLF Integral: 4

1 43 13 47 32 8 27 40 45 42 24 21 18 39 33 15 5 17 10 34 41 20 31 48 44 37 2 26 4 9 35 38 29 49 46 14 22 16 12 36 28 30 23 7 11 3 6 19 25 50 
HLB: 3
SLF Integral: 4

1 46 12 29 9 45 38 4 48 35 20 26 42 13 49 32 21 25 8 40 34 3 22 27 41 43 37 14 2 18 36 7 19 44 24 39 11 5 16 23 28 47 17 33 6 15 31 30 10 50 
HLB: 3
SLF Integral: 5

1 8 33 31 26 2 29 35 17 9 41 18 16 28 21 4 6 47 12 19 22 27 3 36 23 30 44 37 7 45 38 48 43 14 24 13 34 11 42 25 32 15 10 46 5 49 40 20 39 50 
HLB: 3
SLF Integral: 4

1 22 45 42 17 34 5 33 29 46 23 37 24 30 49 25 35 14 7 15 10 27 4 47 8 36 32 20 12 11 21 39 18 31 13 16 40 28 6 43 2 48 9 19 38 44 41 3 26 50 
HLB: 3
SLF Integral: 4

1 46 2 17 37 36 32 24 5 4 23 9 49 22 41 44 15 30 48 35 42 39 33 26 38 28 27 25 10 3 16 8 6 21 18 47 7 31 34 12 20 19 29 14 11 13 43 45 40 50 
HLB: 3
SLF Integral: 4

1 18 39 14 24 4 41 49 23 45 15 3 37 16 12 47 21 31 17 44 40 2 42 29 8 13 35 33 26 36 5 30 19 38 46 10 43 20 7 6 28 34 11 22 25 27 48 9 32 50 
HLB: 3
SLF Integral: 4

1 13 17 33 21 42 37 10 41 3 12 14 2 25 36 31 30 20 15 45 18 47 9 26 11 39 28 44 46 5 24 4 16 27 43 48 35 22 7 32 34 8 29 40 49 19 6 38 23 50 
HLB: 3
SLF Integral: 4

1 10 32 46 14 2 39 20 27 16 49 36 26 15 18 34 41 11 44 9 4 45 31 43 47 29 21 3 28 48 8 13 40 25 33 7 23 30 12 5 19 22 37 35 17 24 42 6 38 50 
HLB: 3
SLF Integral: 4

1 45 22 39 7 14 19 41 46 17 44 10 30 23 34 47 2 40 20 43 33 11 3 38 28 42 8 21 35 15 31 9 24 27 29 25 5 18 13 26 48 6 32 12 16 49 36 4 37 50 
HLB: 2
SLF Integral: 3

1 28 33 9 21 12 37 47 31 7 25 43 34 40 2 41 44 16 18 11 26 30 42 13 19 15 27 32 23 5 10 36 4 48 35 46 39 20 8 49 24 3 29 22 14 6 38 45 17 50 
HLB: 2
SLF Integral: 4

1 46 41 47 44 10 42 6 19 33 35 45 8 17 9 37 39 2 12 14 25 7 3 11 28 48 40 24 31 16 49 43 4 21 5 26 18 29 15 27 23 30 22 13 38 34 32 20 36 50 
HLB: 3
SLF Integral: 4

1 47 27 23 4 34 14 13 36 12 17 6 46 26 3 18 9 25 42 16 11 21 39 30 37 19 49 38 2 31 48 29 15 7 24 20 8 35 22 44 41 5 43 28 32 45 33 10 40 50 
HLB: 3
SLF Integral: 4

1 26 41 27 40 44 38 45 49 19 34 21 17 42 2 33 8 15 31 37 22 4 28 18 12 46 36 32 29 6 30 3 11 23 48 10 20 25 14 43 9 16 24 13 35 5 39 47 7 50 
HLB: 3
SLF Integral: 4

1 27 15 49 42 37 45 17 9 30 8 6 40 38 4 32 10 25 13 12 36 16 11 44 33 20 14 24 34 28 26 35 31 2 22 43 39 3 23 21 19 18 46 41 48 7 47 29 5 50 
HLB: 3
SLF Integral: 5

1 36 39 47 14 32 10 3 13 48 17 19 21 23 44 31 2 25 12 37 15 5 20 38 33 9 18 29 27 4 42 26 16 28 24 43 35 11 41 7 34 8 40 45 6 46 30 49 22 50 
HLB: 3
SLF Integral: 4

1 25 23 3 26 17 39 7 48 40 43 2 22 15 24 10 14 30 6 34 46 33 31 29 47 21 4 11 18 20 37 42 28 13 32 5 44 49 36 35 27 9 45 16 38 19 12 8 41 50 
HLB: 3
SLF Integral: 4

1 44 7 49 45 2 8 47 42 46 25 5 13 27 22 38 43 29 23 6 17 30 4 14 48 36 41 34 33 15 24 35 28 10 40 16 19 39 32 18 12 3 9 31 11 26 37 21 20 50 
HLB: 3
SLF Integral: 4

1 44 13 10 30 4 43 26 22 19 27 11 31 46 33 15 47 42 14 48 21 25 37 35 34 36 12 3 17 32 7 24 5 45 28 41 9 18 40 38 2 8 23 39 49 6 16 20 29 50 
HLB: 3
SLF Integral: 4

1 5 33 26 35 19 12 6 42 11 15 38 14 16 47 27 41 13 18 44 7 2 36 20 29 28 25 24 9 23 43 21 31 30 49 45 34 17 32 22 39 37 10 46 3 48 4 8 40 50 
HLB: 3
SLF Integral: 4

1 38 11 4 33 9 44 19 49 40 23 29 5 28 45 34 6 39 15 7 43 48 17 46 21 27 12 35 20 2 8 16 42 32 24 47 31 26 36 13 41 37 22 14 10 18 30 3 25 50 
HLB: 3
SLF Integral: 4

1 14 37 30 5 8 2 23 42 22 4 11 48 10 25 9 43 31 39 3 47 16 13 38 34 26 46 20 41 49 24 44 19 45 27 35 32 29 6 18 28 7 15 12 40 17 21 33 36 50 
HLB: 2
SLF Integral: 3

1 47 40 33 37 22 21 30 11 7 32 15 24 31 18 27 35 26 29 12 45 25 10 23 46 43 16 3 20 34 6 19 42 14 49 4 28 17 13 9 38 48 36 39 8 41 44 2 5 50 
HLB: 3
SLF Integral: 4

1 4 36 32 41 2 25 11 42 5 35 29 12 46 30 13 43 3 39 9 38 27 6 17 24 7 33 40 47 16 49 26 44 14 31 8 18 23 10 37 19 45 22 28 15 20 34 21 48 50 
HLB: 2
SLF Integral: 3

1 29 46 7 26 22 41 21 8 36 28 42 4 38 45 33 19 44 17 49 32 47 20 3 14 43 35 10 6 16 13 9 15 5 2 23 25 37 24 18 40 39 30 27 34 12 11 48 31 50 
HLB: 3
SLF Integral: 4

1 43 12 29 28 47 4 39 2 38 10 32 3 18 41 17 25 48 33 19 31 8 44 26 11 35 30 37 14 16 15 20 34 23 22 7 24 9 46 13 42 36 6 49 21 45 5 40 27 50 
HLB: 3
SLF Integral: 4

1 25 13 32 40 42 31 28 43 21 44 15 45 8 39 29 27 41 20 9 12 10 48 14 49 6 17 34 4 47 38 22 33 7 35 2 24 5 37 3 30 18 16 36 26 19 11 23 46 50 
HLB: 2
SLF Integral: 3

1 26 49 18 44 19 41 15 43 5 31 29 3 42 23 38 36 2 7 35 20 40 21 45 11 37 4 17 16 34 32 9 39 33 46 48 6 25 28 22 13 30 10 14 12 8 47 27 24 50 
HLB: 3
SLF Integral: 5

1 36 40 25 19 39 31 38 18 24 49 29 6 11 27 16 26 35 3 34 2 46 4 28 21 14 7 45 10 33 15 12 17 22 41 30 42 44 9 32 20 8 5 37 43 13 47 23 48 50 
HLB: 2
SLF Integral: 4

1 17 47 15 19 11 18 27 30 49 25 6 28 24 29 44 40 4 21 26 2 42 3 32 22 39 7 37 34 5 16 45 33 9 20 43 46 14 8 13 12 41 38 23 48 36 31 35 10 50 
HLB: 3
SLF Integral: 5

1 7 28 48 4 14 23 43 17 31 8 22 9 38 36 18 13 44 37 12 45 35 29 33 41 10 25 49 46 24 26 32 21 16 42 20 34 39 6 47 15 27 3 40 2 5 30 19 11 50 
HLB: 3
SLF Integral: 4

1 9 45 21 16 43 24 12 47 2 27 7 31 40 32 13 46 5 19 38 33 37 10 26 23 48 20 6 8 29 41 22 28 11 36 3 44 34 30 49 35 17 25 15 14 4 18 39 42 50 
HLB: 3
SLF Integral: 4

1 24 8 3 21 45 48 15 44 46 23 33 2 10 29 39 19 6 43 42 13 18 9 28 5 30 40 27 37 17 36 11 7 34 49 14 4 31 25 38 41 26 35 22 20 32 12 47 16 50 
HLB: 3
SLF Integral: 4

1 47 22 26 3 19 35 15 8 42 34 37 11 43 27 18 28 12 41 6 33 48 29 4 40 7 49 46 5 32 23 13 21 14 45 44 17 20 9 30 39 36 2 25 31 38 10 24 16 50 
HLB: 3
SLF Integral: 4

1 7 21 8 13 22 45 35 30 2 40 12 32 49 6 4 44 31 29 25 46 11 41 33 9 26 28 3 27 43 47 36 20 14 48 38 18 10 19 17 16 24 23 5 39 42 15 37 34 50 
HLB: 3
SLF Integral: 5

1 47 5 49 15 35 17 27 48 43 2 16 38 3 32 18 10 7 25 4 31 23 42 46 21 14 29 8 30 24 11 44 40 6 12 19 45 37 9 26 28 22 39 36 34 20 41 13 33 50 
HLB: 3
SLF Integral: 5

1 25 40 37 27 17 46 39 15 6 18 45 23 26 19 42 22 11 34 21 16 8 35 7 47 20 2 48 38 5 24 44 36 41 31 30 4 9 13 43 29 32 14 49 33 28 3 10 12 50 
HLB: 3
SLF Integral: 5

1 23 20 30 19 41 26 49 8 12 14 3 27 38 46 25 37 28 33 5 17 21 34 9 42 32 18 4 15 6 45 2 13 44 31 7 29 36 11 39 24 47 10 43 48 35 22 16 40 50 
HLB: 2
SLF Integral: 4

1 4 2 15 41 19 42 22 10 35 46 34 11 45 31 40 38 6 30 16 24 32 25 20 44 47 23 39 33 12 14 49 8 18 27 7 3 43 13 29 26 5 21 48 17 36 28 9 37 50 
HLB: 3
SLF Integral: 4

1 33 16 35 40 17 36 29 21 47 27 24 46 19 14 49 43 6 45 9 23 8 37 28 20 41 39 7 2 42 22 31 13 34 30 32 18 3 44 4 48 12 5 15 26 25 38 11 10 50 
HLB: 3
SLF Integral: 4

1 3 21 45 37 24 30 26 4 31 47 10 6 32 16 44 34 11 23 33 14 43 19 9 25 29 12 41 13 8 35 28 40 7 49 5 17 42 15 39 46 27 38 20 18 2 36 22 48 50 
HLB: 3
SLF Integral: 4

1 49 4 11 40 35 2 32 5 28 6 29 45 43 34 47 20 15 48 23 41 31 19 10 7 38 30 14 33 42 17 39 44 25 9 22 18 37 36 26 8 24 21 46 16 27 12 3 13 50 
HLB: 3
SLF Integral: 4

1 23 35 45 17 37 2 49 42 6 15 28 25 8 29 11 24 7 14 48 16 22 44 20 4 43 39 3 31 30 26 21 10 32 47 40 46 19 9 12 36 13 5 38 33 41 34 18 27 50 
HLB: 3
SLF Integral: 4

1 15 38 19 14 13 23 49 7 30 17 40 35 45 28 31 42 18 47 8 39 4 26 48 44 27 41 11 32 37 2 9 12 5 36 3 46 33 25 16 34 24 20 10 29 21 43 6 22 50 
HLB: 3
SLF Integral: 4

1 45 9 48 10 37 11 26 2 12 27 42 17 35 4 46 23 7 16 5 14 21 49 32 13 40 25 43 24 31 8 38 3 36 22 33 41 18 30 39 34 20 19 29 44 28 6 15 47 50 
HLB: 3
SLF Integral: 4

1 43 17 5 23 41 4 24 14 31 6 3 42 22 12 36 8 15 25 28 33 10 39 38 2 45 48 16 11 37 30 34 20 35 47 26 7 32 13 46 49 9 19 18 40 21 27 29 44 50 
HLB: 3
SLF Integral: 3

1 3 41 19 37 8 31 13 45 34 17 43 14 26 48 24 4 10 15 35 46 23 7 38 33 32 9 25 36 5 16 28 40 39 44 20 47 6 30 29 11 49 21 18 42 27 2 22 12 50 
HLB: 3
SLF Integral: 4

1 4 36 41 30 35 8 45 25 23 42 5 38 27 13 24 49 31 44 26 14 6 16 2 28 47 18 9 33 46 32 22 17 7 29 10 48 39 19 11 15 20 37 12 40 21 3 34 43 50 
HLB: 2
SLF Integral: 4

1 16 25 47 40 37 14 22 15 7 31 19 5 36 43 21 8 38 32 3 6 13 42 4 2 41 33 30 27 10 39 35 44 9 34 20 45 26 11 49 48 17 46 12 24 28 18 23 29 50 
HLB: 3
SLF Integral: 4

1 22 45 31 18 20 3 32 14 34 29 27 35 21 37 5 9 23 43 47 36 44 16 46 6 13 48 42 12 40 10 4 49 17 11 33 38 41 24 28 25 15 39 7 19 30 2 8 26 50 
HLB: 2
SLF Integral: 4

1 17 31 5 40 47 33 2 11 15 43 37 42 35 38 14 12 36 32 21 4 34 3 13 9 25 49 16 26 24 23 41 46 27 44 10 19 7 48 6 8 22 29 28 18 45 30 39 20 50 
HLB: 3
SLF Integral: 4

1 41 12 34 16 2 22 30 40 31 21 5 29 38 24 44 35 32 27 42 46 8 33 10 14 19 26 6 9 11 15 4 49 7 17 43 25 36 18 47 20 3 39 13 45 28 23 48 37 50 
HLB: 3
SLF Integral: 4

1 19 31 26 34 6 30 46 27 15 40 18 14 20 2 16 28 43 36 3 7 32 25 42 48 41 37 13 38 24 10 23 39 22 45 33 49 44 35 4 11 8 12 29 9 47 17 21 5 50 
HLB: 3
SLF Integral: 4

1 39 20 46 44 17 31 33 9 14 48 47 10 13 23 22 34 15 41 6 35 5 25 21 36 26 45 38 12 24 29 16 32 43 7 18 3 49 37 11 27 4 28 19 40 30 8 2 42 50 
HLB: 3
SLF Integral: 4

1 42 49 40 7 22 36 26 24 29 37 11 32 16 3 27 45 30 33 23 17 20 48 39 34 5 10 13 19 43 46 38 41 28 18 21 47 25 2 6 14 8 31 12 4 15 9 35 44 50 
HLB: 2
SLF Integral: 4

1 10 30 16 4 39 24 27 12 11 8 31 46 44 9 34 37 42 29 25 49 28 48 43 20 36 40 22 26 38 2 5 19 35 3 45 33 14 6 18 13 17 21 41 15 47 32 23 7 50 
HLB: 3
SLF Integral: 4

1 44 12 28 49 48 24 41 22 13 30 16 39 47 37 2 40 18 42 11 21 8 46 10 15 33 14 7 3 36 25 43 4 29 6 17 45 23 20 31 19 35 38 27 34 9 32 26 5 50 
HLB: 3
SLF Integral: 4

1 9 41 46 48 38 8 34 19 6 2 27 21 36 26 20 12 25 30 11 42 10 39 24 22 45 37 40 13 3 7 32 5 17 14 35 47 44 15 28 43 18 16 31 4 29 33 49 23 50 
HLB: 2
SLF Integral: 3

1 35 11 4 30 32 3 13 49 14 26 33 37 19 15 10 2 28 43 18 29 22 12 6 8 20 17 21 45 44 16 27 41 39 47 25 34 9 42 5 38 48 36 24 23 31 7 40 46 50 
HLB: 3
SLF Integral: 4

1 36 35 11 14 47 42 6 32 5 45 13 25 48 24 3 44 46 21 28 15 23 43 22 18 41 30 4 33 8 39 17 20 10 49 38 34 27 12 7 16 26 2 19 9 40 31 29 37 50 
HLB: 3
SLF Integral: 4

1 31 8 24 43 29 17 13 19 6 12 21 39 41 28 33 36 25 4 18 2 30 40 38 5 46 45 48 23 3 14 20 10 37 32 16 9 34 49 47 35 22 7 11 26 42 15 27 44 50 
HLB: 3
SLF Integral: 4

1 31 40 48 25 39 49 19 12 46 24 16 44 42 23 8 14 9 6 21 33 13 5 17 30 38 47 2 36 27 35 20 10 32 37 11 29 43 15 28 18 41 34 45 7 26 4 22 3 50 
HLB: 3
SLF Integral: 4

1 36 30 25 42 32 19 9 7 13 37 45 17 41 23 28 21 2 39 18 16 29 48 10 34 49 20 11 38 40 47 43 35 6 44 27 31 3 8 14 46 12 26 15 22 33 5 4 24 50 
HLB: 3
SLF Integral: 4

1 39 27 17 6 46 24 23 11 21 44 4 14 43 8 48 30 47 12 28 40 33 26 35 49 16 22 3 5 38 34 18 37 19 45 10 13 31 7 20 32 15 2 29 25 42 9 36 41 50 
HLB: 3
SLF Integral: 4

1 38 3 37 34 12 25 24 33 23 46 43 5 45 15 11 2 13 49 8 36 42 32 39 21 28 14 27 19 18 22 30 44 17 7 4 10 20 26 41 47 6 9 35 31 40 48 16 29 50 
HLB: 3
SLF Integral: 4

1 48 29 21 11 24 36 23 15 7 41 38 8 20 18 16 9 3 45 40 10 26 17 32 46 49 6 14 5 34 47 35 4 31 19 43 33 22 37 27 44 28 2 30 13 42 12 39 25 50 
HLB: 3
SLF Integral: 5

1 17 16 23 43 14 25 20 19 5 26 32 38 7 24 34 12 49 46 18 33 35 27 9 21 44 31 10 3 28 36 4 37 15 11 8 40 6 22 29 41 2 42 48 39 45 13 47 30 50 
HLB: 3
SLF Integral: 4

1 19 42 34 17 3 23 7 25 11 10 6 22 13 4 44 38 35 28 39 8 29 27 37 47 45 32 16 49 43 26 18 36 31 41 12 46 30 2 40 5 9 14 24 48 20 15 33 21 50 
HLB: 3
SLF Integral: 4

1 7 43 6 4 36 41 25 48 42 3 18 22 39 38 19 28 10 31 20 13 8 32 24 2 17 26 35 44 5 12 49 23 40 34 47 29 37 33 30 46 45 27 15 14 21 11 16 9 50 
HLB: 3
SLF Integral: 5

1 5 29 8 45 32 3 33 43 24 27 2 23 17 22 19 16 28 18 39 37 49 11 21 38 34 31 42 9 46 14 25 44 40 35 41 10 47 36 13 4 6 20 7 26 30 15 12 48 50 
HLB: 3
SLF Integral: 4

1 43 35 42 37 49 31 41 26 32 21 4 48 2 29 3 27 38 33 23 34 9 24 15 7 5 13 16 28 12 40 18 45 39 6 10 46 30 14 11 47 17 8 25 19 36 22 44 20 50 
HLB: 3
SLF Integral: 4

1 40 28 5 31 17 6 32 35 23 12 8 43 3 18 49 4 24 27 11 15 48 41 44 29 38 9 47 22 39 30 20 10 13 37 7 46 42 45 34 36 21 19 2 16 26 14 33 25 50 
HLB: 3
SLF Integral: 5

1 38 31 22 41 39 37 24 20 4 11 2 8 10 48 42 46 36 17 21 25 5 16 27 23 15 13 43 9 47 44 12 18 49 7 45 33 40 34 26 6 19 3 30 29 35 28 14 32 50 
HLB: 4
SLF Integral: 4

1 3 30 42 26 13 23 15 19 24 29 31 17 34 2 12 10 35 40 16 25 7 39 8 11 27 36 22 46 20 32 18 9 33 37 49 5 21 6 14 45 4 47 38 48 43 28 41 44 50 
HLB: 2
SLF Integral: 3

1 44 5 18 26 29 41 22 35 11 30 34 37 16 2 42 31 17 12 47 39 28 3 43 8 27 32 38 13 46 40 24 19 6 48 4 45 20 36 33 7 23 10 15 21 9 25 49 14 50 
HLB: 3
SLF Integral: 4

1 20 44 19 46 14 3 49 23 26 43 22 40 32 41 18 36 8 10 27 13 38 11 5 9 28 31 17 29 34 30 2 24 15 4 48 7 47 42 33 37 45 21 16 6 35 25 12 39 50 
HLB: 3
SLF Integral: 5

1 20 39 34 28 12 37 13 41 44 21 9 38 10 7 30 48 16 4 2 33 32 26 18 31 17 27 47 36 6 5 49 8 42 24 3 45 35 15 29 46 14 40 23 11 22 25 19 43 50 
HLB: 3
SLF Integral: 4

1 19 41 17 27 49 47 31 26 14 46 23 3 37 36 9 42 10 45 5 48 20 8 15 39 21 44 35 34 6 38 30 7 12 16 43 2 33 13 40 4 22 18 29 11 28 32 25 24 50 
HLB: 3
SLF Integral: 4

1 29 7 4 20 6 17 43 42 21 2 19 5 41 37 14 26 18 10 3 28 38 25 35 24 22 39 15 49 11 48 36 12 47 46 9 45 32 44 34 30 16 33 13 40 27 8 31 23 50 
HLB: 3
SLF Integral: 5

1 30 29 38 18 39 35 44 32 27 23 45 36 46 6 22 20 5 24 26 7 47 2 49 11 13 34 41 28 31 15 21 16 25 10 43 8 12 4 48 40 33 3 19 17 42 14 9 37 50 
HLB: 3
SLF Integral: 4

1 12 26 25 18 22 10 7 4 40 31 3 43 19 37 11 32 20 47 41 13 27 23 16 39 45 17 30 14 35 5 34 2 36 46 42 24 38 15 21 9 44 49 33 28 6 29 8 48 50 
HLB: 3
SLF Integral: 4

1 20 25 47 26 10 38 40 29 16 13 31 28 12 15 2 42 46 37 41 39 45 36 24 30 49 35 48 17 14 3 21 27 23 8 43 18 5 34 6 9 44 4 11 32 19 22 7 33 50 
HLB: 3
SLF Integral: 5

1 36 10 6 31 46 21 18 11 38 35 4 12 8 3 44 42 40 5 7 20 41 27 48 34 19 15 49 22 30 17 28 37 33 45 43 39 14 23 29 32 24 47 2 25 16 13 26 9 50 
HLB: 4
SLF Integral: 5

1 17 19 26 13 4 30 16 9 46 21 34 25 40 42 27 35 37 7 32 36 43 23 10 39 22 15 18 12 3 20 31 29 28 11 6 45 41 14 49 5 8 44 24 47 2 33 48 38 50 
HLB: 3
SLF Integral: 4

1 9 7 38 8 26 32 2 43 33 39 25 15 30 12 37 5 35 44 47 19 6 13 11 16 27 46 29 28 40 48 34 24 3 49 18 14 42 4 31 41 20 17 23 10 22 45 21 36 50 
HLB: 2
SLF Integral: 4

1 33 35 42 3 16 5 47 15 24 21 40 45 26 22 29 17 37 36 30 12 44 20 46 34 18 8 31 39 4 27 23 11 19 10 38 7 25 28 41 6 49 48 13 43 32 14 9 2 50 
HLB: 3
SLF Integral: 4

1 16 39 3 18 44 13 10 48 2 12 20 40 37 17 41 27 21 47 30 6 4 15 38 14 43 23 34 24 35 26 33 49 11 22 25 46 42 36 5 45 8 28 19 31 29 7 32 9 50 
HLB: 3
SLF Integral: 4

1 20 30 44 2 27 13 4 16 22 42 36 40 15 3 37 41 8 17 11 47 18 43 5 21 19 35 25 31 24 23 45 28 7 26 39 49 34 6 14 38 48 10 29 46 12 33 32 9 50 
HLB: 3
SLF Integral: 5

1 47 32 18 44 35 14 37 49 20 31 7 46 30 36 42 6 43 25 27 21 40 23 45 39 2 26 24 41 33 5 15 29 9 12 34 22 11 28 38 10 8 4 16 13 3 48 19 17 50 
HLB: 3
SLF Integral: 4

1 40 14 5 22 47 33 16 3 30 35 28 20 36 9 18 21 43 37 12 6 24 13 46 45 44 7 17 27 8 26 2 32 48 34 41 49 38 42 10 29 39 19 11 23 25 31 15 4 50 
HLB: 4
SLF Integral: 5

1 20 25 30 14 4 19 35 39 38 28 22 6 23 16 41 45 15 2 32 26 46 34 29 17 47 9 33 13 43 10 27 3 11 49 12 24 40 44 37 18 36 5 8 7 21 42 48 31 50 
HLB: 3
SLF Integral: 4

1 19 33 23 36 26 14 44 9 8 39 15 13 30 45 16 48 12 5 10 35 17 49 7 24 20 22 32 41 11 29 42 4 28 25 43 38 18 40 46 31 37 3 6 27 21 2 47 34 50 
HLB: 2
SLF Integral: 3

1 19 7 27 42 18 21 25 37 43 38 49 45 4 48 22 32 30 41 10 39 11 5 28 35 17 47 33 23 20 40 9 6 8 44 2 12 29 34 3 24 13 26 31 36 16 14 46 15 50 
HLB: 3
SLF Integral: 4

1 7 13 17 11 30 18 42 25 6 10 43 46 29 28 45 9 40 27 3 20 16 24 22 21 32 31 12 15 41 37 34 36 39 48 38 14 5 44 19 33 26 49 35 47 4 2 8 23 50 
HLB: 3
SLF Integral: 4

1 31 40 18 46 5 39 20 4 16 21 8 13 29 15 47 2 7 27 12 41 37 14 44 48 45 30 24 10 33 49 36 19 6 11 35 26 43 22 42 38 23 34 32 28 25 9 3 17 50 
HLB: 3
SLF Integral: 4

1 33 48 19 29 9 40 24 36 30 26 42 17 27 5 13 31 45 12 46 41 11 14 18 20 15 8 22 6 25 3 10 44 21 43 47 35 49 32 28 7 2 4 23 38 16 34 39 37 50 
HLB: 2
SLF Integral: 3

1 47 35 29 28 9 6 39 25 48 32 20 27 36 16 46 8 43 13 31 37 15 45 33 10 23 34 2 26 4 30 5 40 22 19 7 3 11 41 44 49 24 17 14 38 21 42 18 12 50 
HLB: 3
SLF Integral: 4

1 17 44 37 48 35 2 26 22 30 24 12 32 47 34 28 10 46 31 16 36 18 38 14 41 25 5 39 23 8 3 27 13 6 9 19 33 15 29 20 40 49 45 11 21 42 4 43 7 50 
HLB: 3
SLF Integral: 4

1 40 49 19 26 46 4 3 10 21 48 13 2 29 37 18 15 9 28 23 5 27 14 34 39 45 25 30 43 33 22 41 24 35 17 32 7 31 36 38 12 44 8 16 11 47 42 6 20 50 
HLB: 3
SLF Integral: 4

1 37 17 13 11 22 43 9 15 19 10 49 34 44 12 21 14 42 41 4 24 33 16 7 30 25 28 2 6 46 31 29 5 38 8 3 20 23 26 39 35 32 36 45 18 48 47 27 40 50 
HLB: 3
SLF Integral: 4

1 22 2 26 17 3 34 14 38 20 43 29 5 15 45 4 42 46 40 9 16 33 13 44 25 35 7 23 48 8 47 27 10 41 49 19 32 24 39 6 31 28 12 18 30 37 36 21 11 50 
HLB: 3
SLF Integral: 4

1 12 23 17 20 29 2 34 22 14 7 25 40 44 32 31 4 35 19 11 39 48 45 3 10 26 6 43 24 9 13 33 46 38 18 28 37 47 49 8 16 15 42 36 30 21 5 27 41 50 
HLB: 3
SLF Integral: 4

1 12 43 14 7 44 10 21 39 32 27 33 24 26 46 18 2 17 31 6 16 34 30 23 4 47 3 38 40 13 25 5 35 29 48 22 36 20 15 49 9 37 8 28 42 19 41 45 11 50 
HLB: 3
SLF Integral: 3

1 32 12 17 31 34 13 24 4 26 16 29 39 3 49 33 20 37 44 10 43 2 41 23 5 8 15 28 22 38 40 21 14 35 48 7 19 36 27 30 6 9 45 47 18 42 25 11 46 50 
HLB: 2
SLF Integral: 4

1 26 47 18 10 28 37 43 35 40 15 21 45 22 32 46 4 30 27 8 39 44 31 17 48 23 33 29 6 36 13 38 34 7 16 42 24 9 2 14 11 19 25 12 49 41 5 20 3 50 
HLB: 3
SLF Integral: 3

1 30 26 2 22 9 40 35 5 29 28 46 42 27 31 4 34 19 41 13 43 12 33 7 32 37 11 47 39 6 18 48 21 10 36 3 17 20 16 15 24 44 23 45 49 38 8 14 25 50 
HLB: 3
SLF Integral: 4

1 39 7 38 14 4 23 49 48 3 44 16 13 21 5 12 8 37 19 42 9 22 45 11 6 41 33 36 35 24 47 29 27 32 40 46 34 17 43 10 2 20 15 25 28 26 18 31 30 50 
HLB: 3
SLF Integral: 4

1 20 31 6 43 32 2 39 44 18 5 10 35 15 24 19 41 11 33 8 28 22 34 3 47 37 48 46 26 17 4 21 42 13 49 27 12 16 7 29 36 40 30 14 9 38 25 45 23 50 
HLB: 3
SLF Integral: 4

1 17 39 33 10 4 16 21 26 6 36 46 41 43 15 9 7 49 37 19 29 22 45 27 23 3 38 35 13 8 32 5 11 18 44 48 20 42 25 30 24 34 28 40 47 2 12 31 14 50 
HLB: 2
SLF Integral: 4

1 7 12 41 43 34 15 30 5 4 17 8 44 37 10 3 36 46 6 9 45 18 11 20 49 35 42 21 27 48 2 26 47 28 24 23 33 16 38 25 32 39 22 40 14 29 13 19 31 50 
HLB: 2
SLF Integral: 4

1 17 23 47 37 13 10 3 21 24 12 36 16 29 43 30 26 6 41 25 15 35 49 39 8 4 14 34 7 38 20 28 45 9 18 32 31 40 48 2 46 42 5 33 27 22 19 11 44 50 
HLB: 2
SLF Integral: 4

1 11 20 6 45 41 36 28 14 5 27 29 18 25 30 23 19 44 12 39 16 4 40 22 3 2 10 13 47 33 37 42 15 21 9 46 43 32 17 38 49 31 24 34 48 35 8 7 26 50 
HLB: 3
SLF Integral: 4

1 21 26 35 30 9 15 19 13 37 28 34 22 45 10 49 33 23 44 48 47 43 2 42 27 3 12 36 14 8 7 6 20 29 39 31 16 11 32 46 41 40 4 25 5 38 18 24 17 50 
HLB: 3
SLF Integral: 4

1 47 18 13 38 12 11 2 41 9 17 36 21 48 7 16 40 10 43 31 14 37 15 5 33 29 28 4 3 44 46 34 6 23 49 8 32 35 39 25 30 26 20 42 24 45 27 19 22 50 
HLB: 3
SLF Integral: 4

1 30 9 27 22 10 13 15 33 4 44 43 7 41 25 39 23 35 37 18 31 45 48 32 17 2 29 28 21 12 20 14 34 8 16 47 19 6 11 38 5 49 40 24 42 3 46 26 36 50 
HLB: 3
SLF Integral: 4

1 17 7 39 22 40 38 42 34 11 8 13 15 14 25 44 16 20 37 5 2 49 10 48 23 33 28 27 45 36 31 6 18 46 26 21 29 9 30 4 47 41 12 3 43 32 19 24 35 50 
HLB: 3
SLF Integral: 4

1 48 37 22 36 27 33 8 44 17 24 26 32 34 23 30 12 46 20 28 10 4 47 11 13 41 43 7 15 6 3 16 18 25 31 49 40 38 14 42 9 39 19 35 5 21 29 2 45 50 
HLB: 3
SLF Integral: 4

1 31 48 22 28 27 46 18 45 33 29 49 30 32 20 8 11 17 47 39 9 41 5 19 35 10 6 3 21 40 44 7 26 15 12 43 38 25 34 16 24 2 37 36 23 4 14 13 42 50 
HLB: 3
SLF Integral: 5

1 11 25 31 21 10 48 28 26 34 38 45 16 46 22 20 29 40 37 27 43 3 23 7 32 14 24 15 49 44 18 36 35 33 8 39 4 30 42 19 2 13 12 6 47 5 9 41 17 50 
HLB: 3
SLF Integral: 4

1 42 7 2 44 31 25 48 13 47 5 20 19 29 40 28 26 4 3 27 24 11 15 23 9 34 46 30 14 22 33 38 49 35 12 16 10 18 39 41 8 17 37 21 6 43 45 32 36 50 
HLB: 3
SLF Integral: 4

1 20 3 39 38 13 46 34 30 21 43 14 2 35 18 16 26 7 49 31 41 19 36 44 32 11 5 33 17 15 23 28 6 22 4 9 24 8 29 12 27 48 47 10 25 40 37 42 45 50 
HLB: 3
SLF Integral: 4

1 42 15 20 32 23 37 11 16 29 45 44 34 49 19 36 25 31 46 5 8 4 33 26 47 6 9 22 13 2 7 30 10 3 39 18 40 24 12 38 41 35 48 17 43 28 21 14 27 50 
HLB: 3
SLF Integral: 4

1 3 14 27 30 6 35 44 10 34 26 48 42 37 18 49 11 21 19 17 43 2 15 32 40 46 39 8 23 41 45 5 12 24 38 20 33 16 25 36 7 22 9 29 13 47 28 31 4 50 
HLB: 3
SLF Integral: 4

1 13 2 40 49 41 33 29 48 36 10 8 44 32 45 31 21 35 43 25 37 3 6 22 11 34 38 5 39 16 24 28 47 20 26 17 14 4 42 27 18 30 15 23 9 12 46 7 19 50 
HLB: 3
SLF Integral: 4

1 35 40 43 2 19 39 27 30 44 23 42 20 14 49 33 26 25 41 8 13 45 7 15 28 22 29 17 38 46 31 18 6 47 9 24 5 21 48 16 34 36 10 12 37 4 3 11 32 50 
HLB: 2
SLF Integral: 4

1 34 47 43 29 18 14 33 23 12 49 31 6 42 20 44 15 19 4 17 28 25 8 46 37 16 45 48 27 36 7 21 38 9 5 39 30 3 2 41 32 11 10 35 24 26 22 13 40 50 
HLB: 3
SLF Integral: 4

1 15 11 19 22 9 20 45 34 42 49 14 31 36 6 18 29 44 8 2 40 7 17 39 35 47 4 10 32 48 38 3 37 33 12 30 24 26 13 5 46 25 27 23 21 43 16 41 28 50 
HLB: 2
SLF Integral: 4

1 17 19 4 26 37 34 16 48 11 28 18 7 41 33 44 15 47 30 27 8 10 14 21 25 31 24 23 5 39 6 46 35 40 29 9 3 12 49 22 20 38 43 45 2 13 36 42 32 50 
HLB: 3
SLF Integral: 4

1 43 10 32 9 5 42 47 16 25 18 17 46 35 20 36 24 2 28 7 48 45 31 21 14 44 4 40 39 23 6 22 27 30 12 26 29 33 38 13 11 19 8 49 41 3 15 37 34 50 
HLB: 3
SLF Integral: 4

1 15 49 37 28 40 31 36 38 13 32 22 26 39 46 17 6 25 48 2 44 4 19 16 41 23 8 42 21 43 27 18 11 35 47 10 12 9 5 45 33 29 7 20 3 14 30 24 34 50 
HLB: 2
SLF Integral: 4

1 20 41 29 16 33 38 37 4 42 3 11 46 2 35 34 28 27 40 12 32 19 7 31 5 13 23 45 21 9 47 44 18 48 43 14 26 22 8 25 24 49 30 6 10 15 39 17 36 50 
HLB: 3
SLF Integral: 4

1 7 17 28 42 45 31 11 33 20 3 27 30 44 49 43 38 19 16 13 40 15 39 48 26 12 6 18 32 24 2 37 22 41 36 9 21 8 5 25 35 34 14 46 10 4 29 23 47 50 
HLB: 3
SLF Integral: 4

1 10 28 24 12 15 44 23 11 18 14 19 42 26 39 31 40 13 22 5 43 27 8 6 36 33 20 45 16 49 38 21 48 17 41 30 47 35 34 46 9 4 2 25 32 37 7 29 3 50 
HLB: 3
SLF Integral: 5

1 30 26 4 25 34 10 47 24 41 38 27 16 28 9 43 35 5 17 33 2 13 45 7 42 22 36 20 11 23 21 49 3 8 14 37 29 18 39 48 15 32 40 19 46 12 6 44 31 50 
HLB: 3
SLF Integral: 4

1 46 24 44 27 3 43 26 2 19 17 16 42 11 10 12 22 6 34 23 40 35 8 32 25 45 39 48 30 33 49 28 38 4 31 47 20 5 36 18 37 7 29 9 14 41 15 21 13 50 
HLB: 2
SLF Integral: 4

1 42 12 20 37 41 30 33 36 18 26 29 14 24 34 2 49 13 25 40 43 28 8 45 5 10 27 32 11 4 39 19 38 3 16 35 44 22 7 31 6 47 46 17 23 21 15 9 48 50 
HLB: 3
SLF Integral: 4

1 16 38 19 28 13 39 33 43 3 24 21 45 40 49 29 26 46 7 34 32 23 17 20 14 41 12 37 22 18 35 11 42 5 8 47 25 31 4 2 44 9 15 48 27 30 10 6 36 50 
HLB: 2
SLF Integral: 4

1 16 13 27 44 33 26 15 36 39 12 23 35 25 24 38 22 9 20 48 47 34 32 6 42 46 49 11 21 8 14 3 43 45 41 5 10 2 37 7 31 30 29 40 18 4 28 19 17 50 
HLB: 3
SLF Integral: 4

1 30 12 44 42 49 19 27 9 14 8 31 48 15 43 36 47 22 3 28 33 38 24 21 40 32 41 6 25 18 4 20 5 2 39 23 35 26 34 7 17 46 11 45 13 29 37 10 16 50 
HLB: 2
SLF Integral: 4

1 33 7 45 18 42 5 32 2 37 14 34 36 19 39 21 40 44 43 13 9 12 24 49 26 46 4 27 35 28 10 38 47 31 41 20 29 17 30 11 15 8 16 3 25 6 23 48 22 50 
HLB: 3
SLF Integral: 4

1 20 7 34 19 27 9 45 18 13 3 44 10 30 39 14 40 23 5 15 36 24 8 22 11 37 32 42 47 4 26 6 43 48 46 33 2 29 21 38 28 41 17 49 12 16 35 31 25 50 
HLB: 3
SLF Integral: 3

1 27 36 4 6 24 18 26 34 25 49 28 31 45 16 40 37 12 33 13 22 39 21 32 11 3 30 48 20 8 29 41 7 46 42 38 9 5 2 23 15 17 44 14 43 47 35 19 10 50 
HLB: 3
SLF Integral: 4

1 12 15 2 39 26 29 4 11 30 48 32 20 46 3 6 44 35 22 40 7 18 36 13 34 23 16 31 38 43 14 8 21 42 45 47 17 10 28 37 41 25 33 19 49 24 9 27 5 50 
HLB: 2
SLF Integral: 4

1 13 44 3 26 14 25 6 35 11 37 33 46 24 36 12 20 28 2 22 32 49 7 42 45 18 43 4 30 19 5 31 38 29 10 34 47 39 16 9 23 8 21 15 41 40 48 17 27 50 
HLB: 2
SLF Integral: 3

1 31 48 6 34 8 12 19 30 25 3 7 33 16 24 40 45 44 41 35 21 27 4 15 28 39 20 38 47 13 23 26 37 29 43 5 9 14 36 49 32 22 18 10 17 2 46 11 42 50 
HLB: 3
SLF Integral: 3

1 15 33 17 46 8 45 4 39 38 3 44 6 30 5 25 2 42 31 21 20 34 19 23 36 40 32 48 11 28 10 22 37 7 13 41 9 43 14 29 16 12 35 27 24 49 18 47 26 50 
HLB: 3
SLF Integral: 4

1 33 9 31 29 49 37 17 47 8 43 3 14 11 20 5 22 44 41 7 42 34 6 18 4 21 28 12 36 26 19 45 24 10 40 16 13 32 27 38 25 23 15 30 2 35 46 48 39 50 
HLB: 3
SLF Integral: 4

1 32 26 22 49 19 37 42 39 23 16 33 17 43 7 35 4 21 10 46 41 12 28 36 25 24 40 3 45 13 44 6 15 20 29 9 14 2 8 18 48 27 30 11 5 31 34 47 38 50 
HLB: 3
SLF Integral: 4

1 17 8 25 19 41 39 21 42 15 14 45 10 32 29 22 36 47 31 26 7 4 13 20 48 24 35 33 11 34 2 43 5 16 38 9 44 27 23 12 6 37 3 28 30 49 46 40 18 50 
HLB: 3
SLF Integral: 4

1 20 34 49 37 9 33 17 43 39 7 40 26 13 41 44 47 23 14 42 31 10 2 19 32 46 11 15 35 25 36 45 28 38 18 6 16 30 29 24 48 5 12 22 27 4 21 8 3 50 
HLB: 3
SLF Integral: 4

1 44 24 34 29 37 31 41 9 48 15 10 33 6 39 16 4 7 13 25 30 27 45 32 43 20 46 19 42 18 8 3 38 22 14 26 2 11 40 17 35 28 12 5 49 23 36 47 21 50 
HLB: 2
SLF Integral: 4

1 30 18 32 20 27 46 9 5 22 49 37 41 36 44 14 39 6 19 10 8 34 24 13 26 35 43 33 11 17 23 42 29 12 3 2 40 21 28 38 4 16 47 25 31 45 48 15 7 50 
HLB: 2
SLF Integral: 4

1 25 32 17 34 42 18 40 13 45 48 24 30 26 37 19 2 8 41 49 3 36 4 21 12 44 5 16 22 20 14 7 11 33 39 47 10 27 43 15 23 9 31 46 38 28 35 6 29 50 
HLB: 3
SLF Integral: 3

1 26 42 12 17 38 40 47 35 49 6 25 44 37 10 32 24 23 22 13 11 9 30 14 29 48 18 33 3 46 41 27 45 39 20 16 15 34 2 8 4 28 21 7 43 31 36 5 19 50 
HLB: 4
SLF Integral: 5

1 35 16 26 41 21 45 25 22 28 9 19 30 24 39 7 32 38 20 44 12 29 3 17 4 2 5 36 18 42 15 34 10 14 13 46 37 49 48 27 6 11 23 8 31 43 33 47 40 50 
HLB: 3
SLF Integral: 4

1 23 46 21 7 18 35 43 13 6 10 34 24 45 5 30 41 36 12 8 31 39 22 11 15 40 3 2 44 29 38 14 27 47 17 28 32 42 33 4 20 25 49 26 19 9 48 16 37 50 
HLB: 2
SLF Integral: 4

1 21 4 3 18 45 22 17 29 48 39 10 6 32 38 31 26 41 43 11 5 42 14 46 27 2 40 16 34 44 15 36 47 7 19 37 35 12 23 13 24 8 25 9 28 33 30 49 20 50 
HLB: 2
SLF Integral: 3

1 36 45 30 12 40 15 13 48 32 4 46 27 19 7 17 8 23 29 5 35 25 22 37 28 42 20 6 9 11 31 44 41 43 14 38 26 3 34 47 39 33 21 2 24 18 49 10 16 50 
HLB: 2
SLF Integral: 4

1 19 10 9 33 15 43 47 13 11 20 25 5 38 24 30 46 39 28 3 48 14 37 29 32 21 2 49 35 41 16 12 7 42 18 17 45 22 6 36 40 4 34 8 31 44 27 26 23 50 
HLB: 3
SLF Integral: 4

1 34 2 9 15 20 44 29 47 23 12 45 14 18 36 39 24 37 6 16 41 4 40 22 33 38 21 31 5 8 3 42 25 46 11 17 19 13 27 26 32 28 49 30 10 43 48 35 7 50 
HLB: 2
SLF Integral: 4

1 22 3 46 25 32 45 20 14 41 6 28 19 33 11 16 39 17 47 5 38 34 23 48 9 31 2 10 4 13 18 49 29 37 12 7 36 42 40 26 21 35 44 15 27 8 24 30 43 50 
HLB: 3
SLF Integral: 4

1 6 24 18 5 19 44 14 46 9 36 41 7 4 48 10 29 45 13 35 39 28 16 3 40 37 47 23 49 33 21 20 43 15 34 26 17 8 38 11 31 27 12 32 42 30 2 22 25 50 
HLB: 2
SLF Integral: 4

1 25 43 20 30 9 27 36 11 35 29 22 42 15 6 37 34 10 49 41 33 13 24 45 7 31 23 19 38 26 14 32 21 46 8 47 5 17 4 16 12 44 48 40 2 18 28 3 39 50 
HLB: 3
SLF Integral: 4

1 40 34 7 42 12 38 15 24 2 16 35 3 23 9 8 17 22 13 45 37 48 4 27 20 31 39 21 10 18 25 29 44 11 28 46 5 49 19 41 14 6 47 32 36 33 30 43 26 50 
HLB: 3
SLF Integral: 4

1 17 37 7 18 10 43 25 6 14 47 32 46 22 42 41 29 4 20 11 31 48 36 19 16 5 15 44 2 35 26 13 34 3 8 39 30 27 45 21 38 24 40 28 23 12 33 49 9 50 
HLB: 3
SLF Integral: 4

1 43 40 42 10 12 33 19 14 31 38 18 15 39 20 28 22 17 36 49 21 48 46 27 35 4 25 44 9 2 5 16 11 8 37 7 41 23 47 3 6 13 24 34 45 30 32 26 29 50 
HLB: 3
SLF Integral: 4

1 14 29 26 39 11 47 25 20 49 34 8 35 44 31 12 6 15 30 7 4 40 19 43 23 21 3 28 46 38 37 48 17 33 2 10 41 9 16 32 42 36 45 27 24 5 22 13 18 50 
HLB: 3
SLF Integral: 4

1 39 32 26 15 43 21 23 29 47 14 20 38 10 28 46 45 16 3 17 30 2 9 42 41 35 5 27 24 7 36 40 34 31 12 22 8 49 25 18 33 48 11 4 19 6 37 44 13 50 
HLB: 3
SLF Integral: 4

1 8 45 28 35 22 39 11 27 16 5 3 14 12 15 21 4 26 36 30 13 37 6 33 23 25 19 40 18 20 34 31 9 38 10 24 7 46 17 32 49 2 42 48 41 29 44 47 43 50 
HLB: 2
SLF Integral: 4

1 35 3 24 46 26 20 30 42 14 47 31 45 10 22 5 32 2 44 36 27 13 39 11 19 6 25 15 49 40 34 28 12 18 7 41 23 43 37 8 16 29 48 9 33 17 38 21 4 50 
HLB: 3
SLF Integral: 4

1 28 6 20 4 18 31 41 11 9 42 48 38 32 22 12 49 7 16 37 5 33 25 46 13 44 47 36 29 26 19 21 14 39 2 35 43 17 10 24 27 30 15 34 3 23 8 40 45 50 
HLB: 2
SLF Integral: 4

1 17 40 8 2 45 16 12 41 43 36 49 5 42 29 39 19 10 38 9 4 7 31 27 47 22 25 14 13 15 37 3 28 26 24 34 11 35 20 6 44 48 30 18 33 46 21 32 23 50 
HLB: 2
SLF Integral: 4

1 28 14 37 29 25 30 27 15 34 43 19 4 6 39 12 44 26 9 8 47 7 23 49 21 18 48 35 22 32 36 40 10 31 33 41 16 3 20 13 5 24 42 17 38 2 46 45 11 50 
HLB: 3
SLF Integral: 4

1 8 21 2 20 4 39 44 40 42 23 28 47 11 9 27 15 13 29 14 34 32 3 49 30 10 37 31 24 46 22 43 19 17 7 6 45 5 48 36 16 41 26 33 35 38 12 18 25 50 
HLB: 2
SLF Integral: 4

1 7 3 16 27 11 43 24 38 4 31 9 34 18 25 37 23 10 32 2 13 5 8 46 15 6 42 49 28 21 39 36 26 30 48 19 17 29 45 44 20 14 33 35 22 41 47 12 40 50 
HLB: 3
SLF Integral: 4

1 6 41 26 5 8 33 23 32 36 19 38 11 49 47 28 3 10 22 12 44 31 30 18 42 4 21 17 27 45 14 9 15 29 16 13 2 43 48 46 35 40 24 7 37 34 39 20 25 50 
HLB: 3
SLF Integral: 4

1 37 44 14 18 38 6 25 11 42 36 46 7 12 2 8 15 41 22 48 47 33 19 35 29 5 9 24 23 4 43 45 31 21 30 17 39 10 49 16 27 20 13 26 40 34 28 32 3 50 
HLB: 3
SLF Integral: 4

1 8 33 29 32 42 14 41 5 19 7 16 6 38 31 26 34 43 25 28 22 3 20 18 49 40 30 12 23 39 48 15 36 47 10 13 44 27 37 46 21 11 2 9 17 45 4 24 35 50 
HLB: 3
SLF Integral: 4

1 47 27 11 17 22 32 31 13 38 25 28 19 23 34 18 2 21 6 48 20 44 8 3 49 35 4 9 43 46 29 15 42 37 16 39 26 30 5 33 41 45 24 12 7 14 36 40 10 50 
HLB: 3
SLF Integral: 4

1 38 23 33 47 35 22 24 11 19 16 8 18 31 12 21 3 28 42 37 43 9 46 26 2 34 39 27 13 41 25 29 10 48 17 15 6 36 44 4 40 5 20 32 30 7 49 14 45 50 
HLB: 3
SLF Integral: 4

1 31 46 9 13 26 17 28 47 19 15 7 11 23 49 14 39 30 36 20 16 44 37 43 34 22 32 12 38 29 18 10 2 6 33 40 45 35 41 5 8 27 4 3 42 25 24 21 48 50 
HLB: 3
SLF Integral: 4

1 34 47 32 8 28 44 12 48 26 16 49 27 4 25 21 2 20 3 39 46 5 17 40 7 11 29 6 41 24 43 23 37 10 31 36 9 42 45 14 13 30 19 18 15 33 22 38 35 50 
HLB: 3
SLF Integral: 4

1 29 34 48 3 24 42 12 19 4 23 32 20 45 35 6 9 31 27 44 33 10 5 41 16 47 38 40 14 13 43 22 49 11 8 26 15 46 2 7 28 30 39 17 25 18 36 21 37 50 
HLB: 2
SLF Integral: 4

1 25 21 43 40 45 13 30 4 2 29 34 3 27 39 26 46 28 10 47 7 15 37 18 23 16 44 38 14 32 20 6 5 22 33 31 48 36 49 8 19 41 17 24 35 9 12 11 42 50 
HLB: 2
SLF Integral: 3

1 5 27 46 19 28 38 40 48 42 26 34 39 22 16 15 24 2 33 32 10 4 45 49 44 9 25 20 3 23 36 17 21 29 43 35 37 41 18 14 8 12 11 31 30 13 47 7 6 50 
HLB: 3
SLF Integral: 4

1 5 9 28 13 49 29 8 19 32 37 30 33 17 43 6 15 40 10 7 45 41 44 18 23 47 14 20 46 16 42 12 27 35 24 26 34 38 36 22 4 11 25 3 48 21 31 39 2 50 
HLB: 3
SLF Integral: 4

1 46 36 16 19 8 45 33 6 39 29 3 32 42 20 24 44 12 23 14 21 15 30 37 49 25 22 13 7 11 9 18 35 28 17 4 47 2 10 5 43 27 40 31 26 41 48 38 34 50 
HLB: 3
SLF Integral: 4

1 28 39 4 2 31 37 13 43 34 12 40 36 17 35 3 10 8 45 27 41 9 48 19 11 29 5 30 16 18 22 24 7 26 49 15 20 46 14 23 44 47 32 42 33 25 21 6 38 50 
HLB: 2
SLF Integral: 4

1 24 13 35 21 26 32 7 12 6 8 29 22 44 46 16 11 30 25 45 43 27 2 41 38 5 23 42 40 3 15 39 33 14 47 4 19 34 49 17 31 9 20 37 18 36 10 48 28 50 
HLB: 3
SLF Integral: 4

1 33 7 40 34 17 38 2 27 3 5 36 47 21 8 10 6 15 42 35 25 14 16 28 30 45 49 39 41 44 26 4 48 31 24 32 11 43 37 29 23 18 22 13 20 19 46 9 12 50 
HLB: 2
SLF Integral: 4

1 12 2 34 19 29 39 45 17 27 48 26 3 33 23 38 35 31 37 25 18 47 21 9 41 44 36 32 24 49 14 5 30 10 4 7 22 40 11 42 20 28 6 46 13 16 43 15 8 50 
HLB: 3
SLF Integral: 4

1 34 39 36 45 42 11 49 27 15 31 41 6 16 4 18 35 12 3 14 48 32 7 2 38 30 44 8 37 28 21 25 43 23 40 13 47 20 5 19 9 26 17 29 10 24 33 22 46 50 
HLB: 3
SLF Integral: 4

1 44 38 10 31 33 41 49 4 30 39 32 36 28 2 22 8 42 27 19 17 14 6 21 37 24 46 18 25 35 15 29 11 26 23 43 45 13 40 3 34 20 48 7 12 9 16 47 5 50 
HLB: 2
SLF Integral: 4

1 32 13 25 10 29 16 39 2 44 17 23 41 7 46 37 36 24 26 30 21 15 33 49 4 18 35 31 12 48 27 42 5 28 14 47 34 8 3 19 45 11 20 43 38 22 40 6 9 50 
HLB: 3
SLF Integral: 4

1 41 46 39 49 3 28 6 12 27 8 32 38 31 33 44 25 5 42 40 9 7 2 30 13 4 21 43 24 17 20 48 16 34 47 14 37 18 15 23 29 10 26 35 22 19 45 36 11 50 
HLB: 2
SLF Integral: 4

1 34 8 46 21 18 29 11 26 14 37 20 43 42 25 27 24 32 23 6 22 17 9 35 3 5 30 48 31 40 2 19 45 44 49 39 7 28 13 41 12 10 38 16 36 47 15 33 4 50 
HLB: 3
SLF Integral: 4

1 14 23 29 8 39 44 48 12 37 40 10 28 20 17 25 41 16 49 24 27 32 35 2 13 36 21 9 26 45 33 5 34 46 30 4 31 11 19 18 47 38 7 6 22 43 15 3 42 50 
HLB: 2
SLF Integral: 3

1 24 48 10 27 8 22 39 25 32 46 16 33 28 49 15 31 41 40 13 3 11 6 35 2 12 30 18 23 29 17 38 19 36 7 44 37 26 21 20 9 43 42 47 4 14 34 5 45 50 
HLB: 3
SLF Integral: 4

1 39 35 25 36 43 29 24 47 3 28 38 34 23 26 37 19 40 46 22 27 32 49 11 45 33 10 41 7 30 9 44 5 13 15 2 42 6 16 21 12 14 4 20 17 8 31 48 18 50 
HLB: 2
SLF Integral: 4

1 12 10 29 14 46 38 41 16 43 5 37 27 49 33 45 47 42 30 6 36 21 26 9 11 19 2 44 25 13 7 20 48 40 18 39 24 4 28 8 23 17 35 22 3 34 32 15 31 50 
HLB: 3
SLF Integral: 4

1 11 23 22 27 38 12 49 25 14 19 26 34 20 45 18 43 35 7 24 6 8 47 3 17 10 5 44 33 42 40 39 32 46 16 13 37 41 4 21 36 15 29 9 31 48 28 2 30 50 
HLB: 3
SLF Integral: 5

1 10 17 21 25 3 13 18 8 46 38 33 12 37 7 19 16 49 6 41 34 28 26 4 48 43 35 9 39 15 36 45 24 22 47 40 14 11 2 42 44 30 5 23 29 27 31 20 32 50 
HLB: 3
SLF Integral: 4

1 42 35 14 38 26 36 40 11 21 3 15 37 25 47 7 31 12 28 27 18 6 24 23 19 34 16 5 39 44 33 8 10 43 45 49 41 13 30 29 46 32 17 48 20 9 2 4 22 50 
HLB: 3
SLF Integral: 4

1 14 18 8 22 46 39 28 26 10 24 9 49 3 21 15 7 34 2 43 17 19 37 40 45 13 38 6 44 41 5 32 48 29 23 35 20 16 42 36 30 27 31 47 33 12 4 25 11 50 
HLB: 3
SLF Integral: 5

1 37 40 12 41 15 39 29 7 22 25 18 14 28 16 35 10 32 21 19 44 17 3 46 6 34 38 9 42 27 49 23 26 47 4 45 24 11 5 43 33 36 48 30 13 31 20 8 2 50 
HLB: 2
SLF Integral: 4

1 48 29 46 28 45 11 24 15 21 34 30 10 23 41 5 4 19 44 35 25 39 8 38 32 42 14 22 13 20 27 17 37 47 33 3 7 9 43 12 26 16 2 49 40 31 18 36 6 50 
HLB: 3
SLF Integral: 4

1 6 11 29 38 28 7 42 31 9 22 44 27 48 12 33 49 43 26 18 25 24 23 30 3 41 10 16 45 17 47 19 15 2 40 37 8 13 34 21 46 14 36 32 20 35 39 5 4 50 
HLB: 3
SLF Integral: 4

1 11 9 26 39 25 30 7 4 14 49 22 32 45 27 42 33 18 29 46 40 12 41 5 31 28 23 48 38 10 16 2 47 43 24 44 15 35 19 37 17 36 20 34 8 6 13 3 21 50 
HLB: 3
SLF Integral: 4

1 36 20 11 28 33 30 42 8 40 24 19 34 22 12 23 7 4 18 44 2 10 13 26 47 31 3 35 43 25 46 39 9 16 32 27 21 6 29 14 45 49 37 41 17 48 5 15 38 50 
HLB: 2
SLF Integral: 4

1 8 24 12 40 49 46 18 39 21 36 45 5 2 33 35 23 19 6 41 48 43 32 44 30 22 7 13 34 14 10 17 20 28 11 25 47 31 27 3 26 38 29 37 4 9 16 15 42 50 
HLB: 3
SLF Integral: 4

1 14 33 3 28 5 25 31 26 23 40 11 41 20 7 29 18 46 21 10 42 15 27 32 6 30 4 43 13 16 37 19 9 44 22 36 49 38 8 34 48 2 47 35 12 45 17 39 24 50 
HLB: 3
SLF Integral: 4

1 32 36 21 13 47 29 9 23 7 45 12 17 4 22 6 44 11 5 34 26 19 43 14 49 42 24 33 30 2 48 27 40 18 37 46 3 16 8 39 20 25 41 15 28 35 38 31 10 50 
HLB: 3
SLF Integral: 4

1 9 28 26 44 43 2 36 16 39 25 32 18 45 27 23 20 22 48 46 12 6 5 42 47 41 13 37 15 49 14 40 4 7 3 17 11 19 31 24 38 21 8 29 10 34 30 33 35 50 
HLB: 3
SLF Integral: 4

1 4 28 3 40 34 48 17 43 24 47 14 29 26 22 46 16 27 33 41 9 42 44 39 19 21 49 31 15 10 32 38 30 2 6 5 8 13 7 18 23 12 25 45 35 37 36 20 11 50 
HLB: 3
SLF Integral: 4

1 17 2 29 9 38 32 7 41 19 44 14 8 3 43 28 45 24 21 33 46 35 4 36 25 23 47 30 5 31 12 6 34 18 10 39 20 48 22 26 49 40 16 13 27 15 11 37 42 50 
HLB: 2
SLF Integral: 4

1 48 47 32 46 17 4 30 37 7 42 3 14 20 25 19 2 34 39 31 11 10 27 8 21 24 9 44 22 45 41 49 43 29 38 16 28 13 15 18 40 6 35 5 26 12 33 23 36 50 
HLB: 3
SLF Integral: 4

1 40 45 11 17 39 4 18 30 8 14 25 36 12 44 29 37 48 38 43 46 49 47 34 20 3 42 22 35 16 21 27 41 13 32 2 31 6 33 15 24 5 7 19 10 23 28 9 26 50 
HLB: 3
SLF Integral: 3

1 25 28 45 4 17 13 23 37 26 49 3 46 42 5 39 36 9 38 21 41 31 18 24 33 48 6 16 43 2 44 35 12 14 32 10 7 15 30 19 8 11 27 29 40 22 47 34 20 50 
HLB: 3
SLF Integral: 4

1 4 33 6 11 27 45 39 49 30 14 2 37 41 13 23 21 25 28 35 12 26 8 34 36 38 48 44 40 47 22 3 10 43 19 9 31 42 20 17 7 5 15 32 16 46 18 24 29 50 
HLB: 3
SLF Integral: 4

1 6 17 14 46 45 28 27 3 44 35 4 13 40 32 9 12 16 8 26 38 48 11 30 20 42 31 34 33 24 21 23 43 7 18 36 47 15 41 29 39 49 19 5 2 37 10 25 22 50 
HLB: 3
SLF Integral: 4

1 34 45 20 11 7 19 28 42 21 2 29 15 25 46 6 39 35 27 37 8 26 5 22 12 18 16 36 49 44 33 14 30 23 9 47 4 31 17 48 3 40 13 24 38 43 10 41 32 50 
HLB: 3
SLF Integral: 4

1 28 18 45 15 20 13 7 31 29 11 40 42 2 30 17 24 33 21 47 35 46 8 6 19 10 34 37 26 3 43 27 22 32 48 4 16 44 36 39 9 5 49 41 38 12 25 23 14 50 
HLB: 3
SLF Integral: 4

1 28 42 35 41 18 40 19 7 26 2 20 49 30 14 13 27 39 33 43 29 38 37 17 24 23 3 10 5 44 47 9 25 45 22 15 46 34 21 31 36 4 12 16 6 8 11 32 48 50 
HLB: 3
SLF Integral: 4

1 26 13 21 45 7 19 18 31 4 47 40 36 28 32 34 20 17 39 46 3 16 30 38 8 22 6 15 9 41 44 42 49 27 14 33 43 12 29 11 23 10 2 25 5 48 35 24 37 50 
HLB: 2
SLF Integral: 4

1 38 19 28 46 3 36 29 43 37 16 22 4 25 47 9 44 27 21 35 17 2 24 23 13 39 33 6 14 32 26 18 30 15 40 31 11 5 41 45 48 8 12 49 10 42 20 34 7 50 
HLB: 3
SLF Integral: 4

1 14 29 12 21 47 34 32 48 30 41 33 10 15 49 25 22 43 31 37 5 17 7 38 46 19 24 3 16 23 35 4 8 18 13 27 39 9 44 20 2 42 40 36 6 28 11 26 45 50 
HLB: 3
SLF Integral: 4

1 37 34 45 21 29 20 31 28 12 16 48 18 39 4 7 22 5 44 24 32 19 41 8 23 33 6 13 9 25 14 49 17 11 43 3 38 46 30 10 40 35 26 15 2 42 36 27 47 50 
HLB: 3
SLF Integral: 3

1 40 8 13 19 10 3 18 31 14 5 36 39 22 17 20 9 41 23 2 29 21 15 12 44 34 42 28 33 25 35 7 32 48 47 16 46 37 43 30 4 49 6 11 27 26 38 45 24 50 
HLB: 3
SLF Integral: 5

1 43 34 6 48 10 3 24 45 30 49 5 38 23 46 17 39 36 22 26 44 11 33 19 4 25 18 28 12 37 16 2 42 29 15 41 7 21 27 31 40 13 47 35 8 32 14 20 9 50 
HLB: 3
SLF Integral: 4

1 36 32 31 33 16 43 35 39 20 29 3 40 7 2 25 15 41 13 37 9 23 46 6 34 38 17 45 22 28 5 14 21 12 44 30 10 42 4 8 18 48 19 27 24 49 47 11 26 50 
HLB: 3
SLF Integral: 5

1 27 4 9 47 12 28 37 11 38 24 22 14 31 2 48 26 3 15 32 44 30 13 19 8 36 45 41 40 21 23 17 10 7 6 33 46 35 29 18 49 39 20 16 42 25 34 43 5 50 
HLB: 3
SLF Integral: 4

1 10 29 11 19 27 5 9 34 12 4 20 46 38 33 26 49 39 28 3 14 30 45 17 40 22 31 2 43 32 8 47 7 37 18 48 36 44 21 42 13 35 23 6 24 15 41 16 25 50 
HLB: 3
SLF Integral: 4

1 30 18 41 7 10 24 4 21 28 40 39 44 26 31 25 32 45 49 37 2 11 8 27 36 22 15 5 33 42 12 29 48 13 16 14 34 43 19 35 3 23 47 6 17 20 38 46 9 50 
HLB: 2
SLF Integral: 4

1 10 8 45 39 17 34 23 3 27 48 35 41 44 15 46 2 43 26 37 9 11 22 40 20 4 36 30 13 33 38 31 5 25 32 18 16 42 7 29 19 14 6 21 24 28 47 49 12 50 
HLB: 2
SLF Integral: 4

1 19 16 25 44 12 48 47 14 26 7 11 9 2 10 30 42 41 46 23 29 36 38 43 3 31 35 21 18 8 39 4 13 5 28 22 6 49 15 27 17 37 40 33 24 34 45 32 20 50 
HLB: 3
SLF Integral: 4

1 12 39 19 3 37 13 30 14 31 48 38 5 49 24 27 35 18 36 2 15 9 28 40 47 20 33 42 45 8 26 7 6 4 22 46 21 11 17 25 44 10 34 43 32 41 29 16 23 50 
HLB: 3
SLF Integral: 5

1 12 37 25 5 10 24 46 33 23 8 38 32 11 13 44 4 22 34 48 14 19 3 42 18 6 40 36 41 47 43 30 35 15 21 16 2 29 39 45 31 27 20 7 26 28 17 49 9 50 
HLB: 3
SLF Integral: 4

1 24 19 6 37 28 35 17 48 44 34 31 41 18 5 26 20 15 23 36 47 42 30 16 32 39 11 13 21 9 46 14 4 7 3 12 38 43 33 22 49 25 40 10 45 2 27 8 29 50 
HLB: 3
SLF Integral: 4

1 43 23 38 14 10 39 42 40 19 17 30 12 49 4 26 44 16 29 33 9 3 2 45 32 22 5 8 28 47 21 37 11 20 6 13 48 25 34 15 27 31 24 7 36 41 18 46 35 50 
HLB: 3
SLF Integral: 4

1 17 10 26 16 41 35 7 33 42 37 19 12 44 23 25 6 24 38 40 39 48 3 22 30 21 5 13 43 45 20 11 36 27 29 14 2 15 46 49 18 28 4 34 9 47 31 8 32 50 
HLB: 2
SLF Integral: 3

1 4 20 7 2 30 28 6 48 27 24 44 47 25 46 14 18 9 36 10 34 11 40 33 32 3 42 35 38 37 41 39 43 17 13 16 49 5 19 26 23 45 22 21 15 29 8 12 31 50 
HLB: 3
SLF Integral: 5

1 37 6 44 31 34 40 33 35 3 25 8 48 26 36 27 49 41 18 2 28 4 21 24 14 32 42 22 39 9 5 20 38 30 7 11 15 10 19 17 43 47 12 16 45 23 13 46 29 50 
HLB: 2
SLF Integral: 4

1 18 10 2 32 3 9 38 29 22 36 24 30 35 37 5 16 12 39 26 47 20 43 25 27 11 42 48 6 41 34 8 13 15 44 28 14 45 49 21 17 4 23 19 40 7 46 33 31 50 
HLB: 2
SLF Integral: 4

1 47 38 14 8 10 25 36 27 35 26 6 34 40 13 37 20 31 11 23 17 41 21 43 30 46 29 12 33 5 9 7 2 44 48 32 42 45 28 4 18 22 16 24 3 49 39 19 15 50 
HLB: 2
SLF Integral: 4

1 9 47 7 16 36 17 34 3 40 49 43 25 46 5 29 35 20 22 18 30 41 48 38 19 4 26 33 2 42 23 45 44 10 6 14 37 27 8 32 39 11 21 12 24 13 31 28 15 50 
HLB: 3
SLF Integral: 4

1 19 10 35 4 8 29 24 31 27 42 7 16 13 30 43 32 37 28 18 44 38 15 6 11 46 22 36 9 3 48 5 20 47 17 14 12 41 23 26 45 49 33 21 40 25 2 34 39 50 
HLB: 3
SLF Integral: 4

1 29 49 11 31 48 32 38 16 13 42 19 24 40 25 37 28 35 22 17 30 9 39 5 15 43 26 36 41 47 21 8 27 7 2 12 44 6 14 18 34 45 33 10 4 3 46 23 20 50 
HLB: 2
SLF Integral: 4

1 18 22 17 13 28 19 38 11 26 32 14 39 8 40 6 2 25 35 27 4 47 10 15 45 48 41 29 21 44 24 37 12 46 20 36 42 31 33 7 5 30 3 43 23 16 49 9 34 50 
HLB: 3
SLF Integral: 4

1 25 40 5 45 15 37 31 30 27 49 24 19 33 44 22 34 13 43 46 39 23 20 12 18 21 42 7 26 11 47 41 4 9 16 48 8 2 10 32 28 17 35 6 36 3 29 14 38 50 
HLB: 3
SLF Integral: 4

1 37 35 24 20 42 22 33 6 15 13 39 21 7 41 48 38 25 44 10 43 18 4 26 23 34 14 45 28 27 30 2 40 5 19 49 31 29 11 3 46 17 36 9 47 32 8 12 16 50 
HLB: 3
SLF Integral: 4

1 43 40 37 49 6 39 24 18 10 36 30 38 14 17 20 44 26 35 32 45 5 4 22 21 42 11 29 12 9 33 41 13 25 47 19 2 23 28 27 8 7 3 34 16 31 15 48 46 50 
HLB: 3
SLF Integral: 4

1 29 17 34 37 30 21 9 44 41 33 22 28 46 49 24 35 12 20 38 11 14 3 7 32 40 31 36 27 42 26 8 4 16 2 39 23 10 48 18 6 43 15 45 19 25 5 13 47 50 
HLB: 3
SLF Integral: 4

1 11 9 7 3 12 6 5 27 42 14 44 31 47 43 40 22 33 23 46 16 15 30 35 24 20 2 13 37 8 19 38 32 29 49 18 41 34 39 48 10 4 45 17 28 26 36 21 25 50 
HLB: 3
SLF Integral: 4

1 23 37 48 46 25 15 3 44 13 40 22 38 35 16 41 8 5 31 36 19 28 26 45 10 30 4 24 12 33 20 39 17 6 9 29 42 47 49 27 14 21 32 2 43 18 11 7 34 50 
HLB: 2
SLF Integral: 3

1 43 31 3 29 42 7 45 5 18 23 22 4 48 27 8 25 35 20 37 9 36 26 41 44 49 19 32 13 34 24 14 40 21 11 6 16 28 17 10 38 46 33 15 47 12 2 30 39 50 
HLB: 3
SLF Integral: 4

1 8 23 5 37 45 13 17 26 22 27 48 42 38 24 41 31 47 34 25 2 30 33 14 9 4 20 6 12 40 19 29 35 3 18 28 11 16 46 32 44 7 43 15 49 10 39 21 36 50 
HLB: 3
SLF Integral: 4

1 35 20 25 14 21 16 3 19 11 2 13 40 9 8 28 48 44 26 46 41 29 10 18 42 45 12 17 49 37 47 6 23 32 7 4 15 30 33 38 43 27 34 36 24 31 22 5 39 50 
HLB: 3
SLF Integral: 3

1 10 49 44 22 42 18 41 32 46 43 28 35 27 24 36 9 16 15 13 29 3 8 20 45 33 14 26 7 4 25 5 40 23 30 39 47 11 17 6 38 31 19 21 48 37 12 2 34 50 
HLB: 3
SLF Integral: 4

1 34 31 37 49 42 28 46 32 39 43 14 36 22 19 6 38 5 26 3 11 18 35 41 40 21 44 17 4 10 13 47 24 12 27 7 30 2 15 33 48 29 8 20 16 25 45 9 23 50 
HLB: 3
SLF Integral: 4

1 49 39 36 33 19 30 17 40 31 42 27 34 22 46 48 37 29 38 3 11 35 23 14 18 21 16 41 8 2 12 26 6 28 43 45 47 24 44 5 15 25 4 9 7 13 10 20 32 50 
HLB: 3
SLF Integral: 4

1 12 24 29 34 23 32 49 15 30 11 37 36 42 19 28 14 9 40 18 43 25 6 3 2 26 21 39 44 4 35 22 10 47 13 48 27 31 20 17 45 16 38 8 5 41 33 46 7 50 
HLB: 2
SLF Integral: 4

1 23 5 17 13 42 8 44 4 39 16 40 22 9 35 47 18 30 37 36 15 2 31 3 38 19 49 32 41 34 26 10 24 11 33 7 25 20 6 46 27 43 48 45 29 21 12 14 28 50 
HLB: 3
SLF Integral: 4

1 13 42 41 20 47 10 44 37 45 49 12 21 23 46 39 48 15 4 29 18 26 22 36 43 32 11 19 3 9 27 31 5 17 6 38 16 14 28 35 7 34 30 25 40 2 33 24 8 50 
HLB: 3
SLF Integral: 4

1 8 30 29 4 6 40 48 36 32 9 41 24 38 16 47 14 28 11 17 31 21 3 2 33 49 26 5 35 10 45 22 43 25 13 15 27 39 42 46 12 23 18 20 37 7 19 44 34 50 
HLB: 3
SLF Integral: 4

1 39 24 12 9 48 15 37 25 2 14 33 4 23 13 19 32 27 41 18 3 31 10 40 11 38 46 42 35 20 43 36 7 21 16 6 45 34 47 29 5 26 17 28 30 22 44 49 8 50 
HLB: 2
SLF Integral: 4

1 19 15 35 8 47 6 34 24 22 21 14 45 40 32 20 31 12 44 13 39 18 37 10 36 29 27 7 17 3 38 5 43 46 33 9 23 16 26 28 30 42 4 49 25 41 2 11 48 50 
HLB: 3
SLF Integral: 4

1 24 30 14 48 12 29 27 47 18 38 6 10 43 22 32 2 16 20 9 28 39 31 45 35 15 49 7 5 17 8 26 21 40 34 46 23 4 36 19 13 41 25 42 33 11 44 37 3 50 
HLB: 3
SLF Integral: 4

1 12 18 25 9 43 34 38 21 8 39 35 44 46 22 42 28 5 10 47 6 41 7 29 31 13 3 49 15 11 19 40 20 33 32 30 17 26 14 48 37 27 24 4 45 2 36 23 16 50 
HLB: 4
SLF Integral: 5

1 7 44 19 2 40 13 9 47 22 32 8 5 42 26 38 24 37 43 41 11 10 49 20 6 27 36 46 29 35 25 31 3 39 4 14 17 48 12 21 34 33 16 23 30 28 18 15 45 50 
HLB: 3
SLF Integral: 4

1 24 4 17 8 33 40 46 10 32 23 48 39 42 26 38 18 29 14 45 2 13 30 37 31 3 34 5 27 7 22 16 6 19 41 21 35 28 11 15 44 43 47 36 9 25 12 49 20 50 
HLB: 2
SLF Integral: 4

1 40 12 22 46 49 3 42 35 39 31 28 18 11 10 7 45 17 14 29 43 41 9 33 44 15 38 8 13 5 23 37 19 6 2 24 47 16 26 36 4 27 25 32 34 21 48 20 30 50 
HLB: 3
SLF Integral: 4

1 7 34 48 16 30 2 9 39 25 24 35 6 4 41 31 23 43 49 42 45 3 13 19 26 33 15 18 20 36 28 5 22 32 17 40 44 29 38 12 27 37 14 8 10 47 21 46 11 50 
HLB: 2
SLF Integral: 4

1 41 36 34 30 15 21 5 22 37 16 4 47 26 24 3 10 46 35 32 29 38 44 43 28 39 20 48 6 40 13 25 33 8 18 7 45 42 23 12 31 2 11 9 49 19 27 17 14 50 
HLB: 4
SLF Integral: 4

1 36 22 25 47 20 24 19 2 33 8 29 3 34 40 15 44 41 30 11 31 48 37 21 16 5 32 26 46 12 39 6 23 14 7 17 49 38 43 27 42 10 45 35 4 28 9 13 18 50 
HLB: 3
SLF Integral: 4

1 4 43 38 28 9 21 20 17 5 48 13 19 47 41 26 40 31 33 10 7 44 46 29 15 6 22 36 18 30 12 34 14 45 24 49 2 25 23 32 16 39 3 8 37 42 35 11 27 50 
HLB: 3
SLF Integral: 4

1 46 28 30 16 39 22 33 12 21 32 10 38 25 17 11 35 34 49 8 48 44 40 7 3 37 13 47 26 15 4 45 24 14 18 2 43 27 23 19 29 20 41 36 31 6 9 42 5 50 
HLB: 3
SLF Integral: 4

1 10 3 19 18 31 42 45 41 8 5 15 21 2 40 26 9 39 27 35 20 49 29 6 34 47 36 11 48 43 33 32 12 23 4 16 37 22 46 17 13 24 38 7 44 14 28 30 25 50 
HLB: 3
SLF Integral: 4

1 27 41 47 7 18 30 11 44 17 34 25 20 49 3 29 14 45 22 24 15 13 32 4 37 10 40 6 35 9 43 28 33 23 2 19 8 39 38 26 36 42 16 12 31 5 21 48 46 50 
HLB: 3
SLF Integral: 4

1 35 5 12 9 6 38 32 34 4 7 37 49 16 15 23 26 28 30 36 18 22 11 27 40 47 3 33 19 43 41 13 10 46 21 20 2 48 42 31 45 17 29 24 39 14 44 25 8 50 
HLB: 3
SLF Integral: 4

1 12 40 23 26 17 33 29 44 16 36 28 21 9 48 45 43 39 35 5 41 18 25 49 38 7 30 46 11 34 13 15 3 47 20 27 10 32 22 6 2 42 31 37 19 14 24 4 8 50 
HLB: 3
SLF Integral: 4

1 5 17 29 11 39 14 3 47 8 16 45 21 35 27 20 46 6 15 13 18 49 10 31 37 26 22 48 40 23 9 19 44 42 25 12 30 28 33 41 36 24 43 38 2 34 7 4 32 50 
HLB: 3
SLF Integral: 5

1 40 29 17 11 38 2 30 23 10 31 8 25 43 42 4 12 18 34 5 20 19 45 28 37 15 49 26 24 47 44 7 14 16 46 6 33 9 41 39 48 32 22 13 36 27 21 3 35 50 
HLB: 3
SLF Integral: 4

1 44 22 18 36 35 41 8 12 25 45 47 32 27 20 17 19 15 26 16 40 11 7 29 23 37 39 24 14 5 31 38 28 46 21 3 6 4 34 43 13 48 10 30 33 49 9 42 2 50 
HLB: 2
SLF Integral: 3

1 28 11 37 33 16 39 18 3 19 36 40 14 45 6 48 34 9 44 5 32 26 43 10 13 23 30 2 27 41 12 4 15 49 35 20 24 42 22 31 17 38 25 47 7 46 8 21 29 50 
HLB: 2
SLF Integral: 4

1 20 34 48 30 4 36 18 7 25 19 3 33 42 21 28 24 49 10 41 15 6 44 2 5 35 32 37 14 13 17 22 40 11 8 16 23 29 43 26 38 45 31 47 9 39 27 46 12 50 
HLB: 2
SLF Integral: 4

1 44 33 38 22 19 47 14 11 25 32 39 9 42 15 4 13 16 20 3 26 35 17 34 49 28 30 24 36 43 23 31 12 27 18 21 8 6 37 2 10 40 45 5 29 41 46 7 48 50 
HLB: 2
SLF Integral: 4

1 42 36 38 31 27 44 13 5 3 30 49 6 4 40 12 37 8 22 33 29 19 18 26 16 45 39 21 35 34 48 43 14 47 17 20 10 28 32 9 46 23 25 24 11 2 41 15 7 50 
HLB: 3
SLF Integral: 4

1 42 46 49 2 37 3 26 15 28 13 8 44 21 47 39 27 10 41 6 23 16 14 48 45 19 7 30 24 34 4 20 33 31 35 40 9 36 32 43 11 25 12 18 17 22 38 29 5 50 
HLB: 2
SLF Integral: 4

1 13 44 5 41 40 47 45 17 32 23 46 3 42 34 9 29 8 37 31 27 43 38 11 49 18 4 25 48 30 19 21 16 26 10 12 36 24 15 35 20 39 14 22 6 28 33 2 7 50 
HLB: 3
SLF Integral: 4

1 29 10 27 48 40 2 30 16 12 15 47 25 3 28 39 7 34 42 5 18 6 35 44 33 31 19 21 17 41 32 46 9 43 49 36 8 24 13 38 23 11 22 37 4 26 45 14 20 50 
HLB: 3
SLF Integral: 4

1 46 31 34 38 3 21 2 9 41 13 26 16 25 19 42 23 15 27 18 35 11 28 30 45 49 7 48 10 33 4 6 32 14 17 12 47 37 8 44 29 43 22 40 5 39 24 36 20 50 
HLB: 2
SLF Integral: 4

1 45 21 38 11 32 19 8 42 41 49 36 16 37 43 25 27 30 5 12 46 3 40 31 39 7 18 28 9 35 24 14 44 15 2 29 48 10 4 23 22 26 34 6 17 47 20 13 33 50 
HLB: 2
SLF Integral: 4

1 15 19 16 22 2 13 45 38 49 36 23 35 21 26 20 47 5 3 11 46 43 27 12 42 9 18 40 14 29 24 4 31 41 33 32 34 44 8 10 39 28 37 30 17 6 25 7 48 50 
HLB: 3
SLF Integral: 4

1 45 15 13 25 35 43 30 29 40 22 46 9 36 4 17 48 19 26 14 38 31 44 39 28 7 18 32 34 3 27 33 8 5 49 21 2 24 42 20 16 11 41 37 6 10 12 23 47 50 
HLB: 3
SLF Integral: 4

1 36 19 14 33 24 44 17 23 18 48 28 7 35 34 32 42 47 30 27 21 11 26 10 40 45 41 49 4 38 12 5 3 16 22 6 31 39 8 25 46 2 9 37 20 15 43 29 13 50 
HLB: 3
SLF Integral: 4

1 35 29 12 48 10 30 3 20 28 39 22 44 40 15 17 21 24 4 8 13 9 31 47 45 14 32 46 18 43 42 23 25 49 38 7 41 2 27 36 26 6 19 33 37 16 11 34 5 50 
HLB: 3
SLF Integral: 4

1 36 18 20 29 37 2 44 23 42 40 24 3 27 8 46 39 21 10 47 12 15 41 35 19 9 38 11 5 33 31 43 6 30 26 7 49 48 28 17 13 34 14 45 16 32 25 4 22 50 
HLB: 3
SLF Integral: 5

1 9 36 35 46 11 43 22 47 32 24 31 49 2 34 29 15 48 45 7 4 30 23 20 26 6 17 38 16 14 39 19 33 13 8 40 10 5 21 3 28 18 44 27 37 42 12 41 25 50 
HLB: 3
SLF Integral: 5

1 46 16 39 26 9 45 12 42 34 33 7 43 17 5 22 35 20 3 41 47 49 11 29 48 8 31 18 15 24 23 6 21 38 40 30 37 13 4 27 25 14 28 32 19 44 2 10 36 50 
HLB: 3
SLF Integral: 4

1 9 40 38 2 35 30 32 12 5 39 6 44 46 11 47 19 18 17 14 3 21 43 7 23 49 20 36 10 26 34 41 45 27 8 15 31 13 28 37 25 22 29 42 4 24 16 33 48 50 
HLB: 4
SLF Integral: 4

1 37 33 14 27 3 46 44 43 35 21 9 31 39 41 30 7 18 24 4 32 38 23 34 12 22 6 15 20 28 40 19 13 26 47 11 8 16 2 45 42 5 25 29 10 49 17 48 36 50 
HLB: 4
SLF Integral: 4

1 8 29 28 34 49 4 32 31 12 19 15 41 21 2 45 14 9 47 23 36 30 22 42 5 13 18 3 6 11 33 39 37 43 25 35 10 7 46 26 24 17 27 16 40 38 44 48 20 50 
HLB: 3
SLF Integral: 3

1 3 24 29 5 16 18 12 48 44 23 39 2 22 13 11 30 27 9 45 10 15 34 8 17 40 38 4 26 31 41 25 20 46 28 19 7 49 21 47 6 35 37 43 36 42 33 14 32 50 
HLB: 3
SLF Integral: 4

HLB: 3,3,3,3,3,2,3,3,3,2,2,3,3,3,3,3,3,3,2,3,3,3,3,2,3,4,3,3,3,2,3,3,4,3,3,3,2,3,3,3,3,2,3,3,3,3,3,3,3,3,3,3,3,2,2,3,3,3,3,3,2,3,2,3,3,3,3,3,3,3,3,3,2,3,3,2,3,3,3,3,3,3,3,3,3,2,3,3,3,3,3,2,3,3,3,3,3,4,3,3,4,3,3,2,2,3,3,2,3,2,3,3,3,2,3,3,3,3,3,3,3,3,3,3,3,3,4,3,3,3,3,3,2,3,3,3,3,3,3,4,3,2,3,3,3,3,3,3,2,3,3,2,3,3,2,3,3,3,3,2,3,3,3,3,2,3,2,3,3,3,3,3,3,3,2,3,2,2,3,3,2,2,3,2,3,3,2,3,3,3,3,2,3,3,3,3,2,4,3,3,3,3,3,3,3,3,2,2,3,3,3,3,3,3,3,3,3,3,2,3,2,3,3,2,3,2,3,3,3,3,3,3,3,3,2,3,3,3,3,3,3,3,3,3,2,3,2,3,3,3,3,2,3,3,2,3,3,3,3,3,3,3,3,3,3,3,3,3,3,4,2,3,3,3,3,3,3,3,3,4,3,2,3,3,3,3,4,3,2,3,3,3,2,3,3,3,3,3,3,3,2,3,3,3,3,2,2,2,3,3,3,3,3,3,3,3,3,3,3,3,3,2,3,2,3,3,2,3,3,3,3,2,3,2,3,2,3,3,3,2,2,3,3,3,3,3,3,2,2,3,4,3,2,2,2,3,2,3,2,3,3,3,3,3,3,2,3,2,2,3,2,3,3,3,3,3,3,3,3,2,2,3,3,3,2,3,2,3,3,2,3,2,3,2,3,2,3,3,3,3,3,2,3,3,3,2,3,3,3,3,3,2,3,3,3,3,3,3,3,3,2,3,3,3,3,3,3,3,3,2,2,3,3,3,3,3,2,3,2,2,2,3,3,2,3,3,3,3,3,3,2,3,3,3,3,3,3,2,3,3,3,2,3,3,4,3,2,3,2,4,3,3,3,3,3,3,3,3,3,2,2,2,2,3,2,3,3,2,2,3,3,3,3,3,3,3,4,4,3,3,
Opt:4,4,4,4,5,4,4,4,4,4,4,4,4,4,4,5,4,4,4,4,4,4,4,4,4,5,5,3,4,4,4,4,5,4,4,4,4,4,4,4,4,4,4,4,4,4,4,4,4,4,4,4,4,4,3,4,4,4,4,4,4,5,4,4,4,4,4,4,4,5,4,4,4,4,4,4,4,3,4,4,4,4,4,4,4,4,4,4,4,4,4,4,5,4,4,4,4,5,4,4,4,4,5,4,4,4,4,4,4,4,4,5,4,5,4,4,4,4,4,4,4,4,4,4,4,3,5,4,4,4,4,4,4,3,4,4,4,4,4,5,4,4,4,5,4,5,4,4,4,4,4,3,4,4,4,4,4,4,4,4,4,4,4,3,4,4,4,4,4,4,3,4,4,4,3,3,4,3,4,4,3,4,4,4,4,5,4,4,4,4,4,4,5,4,5,4,4,4,4,5,4,4,4,4,4,4,3,4,4,4,4,5,4,4,4,4,4,4,3,4,3,4,4,3,5,4,5,4,4,4,4,5,5,5,4,4,4,4,4,4,4,4,3,4,4,4,4,4,4,4,4,4,4,4,3,4,4,4,4,4,4,4,5,4,4,5,4,4,5,4,3,4,5,4,4,5,4,4,5,5,4,4,4,4,5,4,5,4,3,4,4,4,3,4,4,4,4,4,4,3,4,3,4,4,4,4,4,4,4,4,4,4,4,4,5,4,4,4,4,4,4,4,4,4,4,4,4,4,4,5,4,4,4,4,4,4,4,3,4,4,3,3,4,4,4,4,4,4,4,3,5,4,4,3,4,4,4,4,4,4,4,4,4,4,4,4,4,4,4,4,4,4,4,4,4,4,4,4,4,4,3,4,4,4,4,4,4,4,4,4,4,4,4,3,4,4,4,5,4,4,5,4,4,4,4,4,4,4,4,4,4,4,4,3,4,4,4,4,4,4,4,4,4,3,5,4,5,4,4,4,4,4,5,4,4,4,3,5,4,4,4,4,4,4,4,4,4,4,4,4,3,4,4,3,4,4,4,4,4,4,4,4,4,4,5,4,4,4,4,4,4,4,4,4,4,4,4,5,4,3,4,4,4,4,4,4,4,4,4,4,4,4,4,5,5,4,4,4,3,4,

Max diff:3
Max factor:2.5
Mean diff:1.195
Mean factor:1.4562500000000012
