1 23 2 7 6 43 26 32 27 10 41 40 28 3 12 21 20 19 25 35 33 30 39 47 37 46 17 44 29 8 13 5 34 38 24 42 11 22 15 49 31 4 45 14 16 18 48 36 9 50 
LocalSearch: 4
SLF Integral: 4

1 18 47 36 5 33 45 28 39 25 7 40 49 46 41 11 8 44 4 2 10 21 42 37 34 31 29 6 22 17 38 43 3 48 26 32 12 15 27 23 20 16 14 24 9 13 19 35 30 50 
LocalSearch: 5
SLF Integral: 4

1 15 29 7 43 10 20 27 42 28 8 11 21 19 47 34 24 48 36 12 41 26 30 16 4 46 49 39 18 13 32 6 38 14 40 25 2 44 31 33 23 37 45 5 3 9 17 35 22 50 
LocalSearch: 4
SLF Integral: 4

1 48 18 33 46 45 8 4 17 29 37 39 12 42 40 43 6 3 19 36 32 44 26 21 27 16 13 49 38 31 7 10 35 24 14 20 28 5 2 34 11 47 25 9 15 23 30 41 22 50 
LocalSearch: 4
SLF Integral: 4

1 19 27 2 37 33 8 6 49 16 39 7 12 11 40 34 44 21 42 3 23 17 10 18 32 9 43 30 29 22 24 47 25 15 46 5 48 14 45 38 20 36 31 35 26 41 13 28 4 50 
LocalSearch: 6
SLF Integral: 5

1 3 12 32 9 49 34 13 43 37 18 24 30 42 8 11 39 26 7 22 35 14 21 25 19 16 6 31 38 45 33 48 28 23 5 2 20 47 29 17 10 36 40 46 15 44 27 41 4 50 
LocalSearch: 6
SLF Integral: 4

1 34 29 41 27 48 26 42 23 33 28 7 4 44 49 21 8 31 9 16 12 47 18 15 35 11 32 22 13 37 10 17 46 30 3 20 39 36 40 38 25 6 45 24 43 19 5 2 14 50 
LocalSearch: 5
SLF Integral: 4

1 12 49 9 20 7 6 32 48 44 30 41 40 47 24 31 26 21 18 27 11 43 13 37 36 29 42 38 34 46 14 28 10 5 15 2 4 39 19 45 33 25 23 22 3 16 35 8 17 50 
LocalSearch: 5
SLF Integral: 4

1 6 36 25 15 23 20 14 39 13 2 12 42 31 45 21 27 40 29 32 47 34 5 41 35 4 24 7 3 10 8 18 11 46 44 48 33 43 38 9 28 49 16 22 30 19 26 17 37 50 
LocalSearch: 4
SLF Integral: 4

1 32 13 22 28 18 47 12 25 24 49 35 6 3 43 39 41 7 36 5 9 42 15 20 8 33 2 30 10 26 4 48 27 38 31 37 19 44 17 40 45 16 21 11 46 34 14 29 23 50 
LocalSearch: 5
SLF Integral: 4

1 8 31 36 23 48 32 35 42 5 40 2 12 33 18 14 30 17 29 24 7 28 43 10 13 27 15 49 4 38 47 39 26 11 20 6 19 21 3 16 44 9 34 25 37 45 22 41 46 50 
LocalSearch: 4
SLF Integral: 4

1 13 34 11 47 4 26 17 32 30 41 33 22 19 21 10 12 2 18 28 20 39 35 15 27 45 49 37 16 3 24 48 6 31 25 29 5 7 38 23 46 43 40 42 36 8 14 44 9 50 
LocalSearch: 4
SLF Integral: 4

1 35 31 13 3 5 26 7 34 19 21 41 46 11 16 24 10 25 43 33 18 42 8 4 40 39 6 20 45 12 2 36 44 14 9 32 28 37 15 38 22 47 29 17 30 49 27 23 48 50 
LocalSearch: 4
SLF Integral: 4

1 38 17 26 11 33 27 29 2 47 39 14 30 48 20 49 22 37 45 32 46 13 7 36 40 10 5 8 19 21 23 6 41 25 3 34 24 42 4 28 44 12 18 43 15 35 31 16 9 50 
LocalSearch: 6
SLF Integral: 4

1 42 40 45 21 44 27 2 38 15 48 25 47 4 28 46 12 18 37 23 36 30 19 10 29 41 43 31 16 6 9 35 13 34 26 39 8 20 11 49 33 32 7 14 5 22 24 3 17 50 
LocalSearch: 6
SLF Integral: 4

1 39 10 47 32 14 36 21 19 28 46 35 15 29 49 16 31 42 17 11 20 26 22 12 5 4 41 6 48 45 25 30 9 40 44 24 23 3 2 13 27 18 8 37 34 7 38 43 33 50 
LocalSearch: 6
SLF Integral: 5

1 41 24 34 48 46 8 39 11 28 31 21 37 6 15 23 19 38 22 16 47 35 33 29 27 2 14 12 17 25 9 30 44 4 49 5 42 26 40 43 32 18 45 10 13 7 20 36 3 50 
LocalSearch: 4
SLF Integral: 4

1 4 34 46 25 42 29 11 8 5 16 6 21 18 30 14 40 7 38 33 49 22 32 20 47 36 3 17 10 28 23 27 45 2 35 12 41 39 19 31 15 44 9 48 13 37 26 24 43 50 
LocalSearch: 4
SLF Integral: 4

1 7 23 28 44 34 24 5 21 12 31 38 19 48 26 42 2 35 14 17 16 41 6 37 13 29 27 10 47 49 36 43 25 15 18 40 9 11 8 45 20 22 32 3 33 39 4 46 30 50 
LocalSearch: 5
SLF Integral: 4

1 33 36 35 19 21 5 46 29 26 24 17 34 25 32 12 15 13 45 47 43 40 39 30 38 31 22 18 8 23 4 10 7 37 3 28 20 44 27 11 42 49 2 9 16 6 48 14 41 50 
LocalSearch: 6
SLF Integral: 4

1 8 31 17 47 22 44 10 12 41 18 3 27 20 38 19 30 42 16 7 2 43 23 6 35 28 4 33 45 21 29 26 40 11 24 36 9 25 39 37 49 34 32 5 15 48 14 46 13 50 
LocalSearch: 4
SLF Integral: 4

1 24 48 36 25 42 34 20 27 26 39 37 16 49 17 14 19 5 43 10 40 12 47 28 41 8 13 44 33 3 32 4 35 2 7 46 9 23 38 6 29 21 18 30 45 22 15 11 31 50 
LocalSearch: 5
SLF Integral: 4

1 13 11 4 35 49 14 46 6 16 44 29 47 43 18 21 42 39 9 33 36 2 7 5 8 28 24 23 25 34 40 15 10 17 27 48 32 30 12 3 31 38 37 41 20 45 26 19 22 50 
LocalSearch: 5
SLF Integral: 4

1 3 7 10 26 43 14 23 13 25 48 34 17 5 42 6 38 46 21 44 11 19 30 32 9 47 16 8 29 28 49 22 18 20 37 35 39 45 33 27 24 36 12 31 2 41 15 40 4 50 
LocalSearch: 5
SLF Integral: 4

1 32 3 9 43 17 11 6 42 44 18 2 33 26 35 39 48 15 38 25 5 7 24 36 41 45 49 34 12 31 22 13 37 19 10 40 47 46 29 28 20 8 21 4 23 14 30 16 27 50 
LocalSearch: 5
SLF Integral: 4

1 3 17 16 23 18 36 13 34 25 20 35 12 32 42 4 45 5 24 10 49 15 7 38 26 40 43 39 21 8 27 33 31 30 29 9 19 14 47 6 46 41 22 37 11 28 2 44 48 50 
LocalSearch: 5
SLF Integral: 5

1 29 26 41 17 33 3 43 8 24 31 14 38 37 16 6 21 49 44 39 23 32 7 10 2 22 36 48 28 40 9 19 5 34 13 4 12 27 30 35 46 15 11 25 20 47 42 45 18 50 
LocalSearch: 5
SLF Integral: 5

1 36 8 15 42 48 5 43 13 12 32 25 30 46 3 44 40 4 16 28 27 17 38 29 49 22 33 14 24 31 7 39 34 18 20 19 23 37 35 45 10 9 6 47 2 11 41 21 26 50 
LocalSearch: 4
SLF Integral: 3

1 37 12 32 4 13 46 27 29 43 30 15 5 20 10 45 40 33 21 36 3 11 26 25 47 41 34 49 22 9 23 35 48 16 38 19 17 24 18 44 39 6 8 42 14 31 28 2 7 50 
LocalSearch: 6
SLF Integral: 4

1 9 13 5 48 25 15 7 30 14 8 23 32 16 26 47 29 12 4 2 38 40 22 37 31 36 45 19 21 43 20 27 46 10 35 18 6 49 34 28 39 11 41 44 24 42 17 3 33 50 
LocalSearch: 4
SLF Integral: 4

1 44 14 3 15 13 48 22 40 20 39 37 23 34 36 28 18 11 30 46 25 5 33 31 29 45 43 10 35 7 42 9 4 27 21 32 19 41 16 8 17 24 38 26 49 6 12 47 2 50 
LocalSearch: 5
SLF Integral: 4

1 18 8 12 2 7 47 17 41 49 42 13 3 45 30 19 39 11 26 33 5 28 6 21 31 27 46 4 14 20 38 10 40 23 37 24 48 16 15 34 36 35 44 9 43 22 32 25 29 50 
LocalSearch: 5
SLF Integral: 4

1 8 18 33 14 32 6 42 9 30 3 36 19 35 48 39 34 20 17 2 23 40 29 44 31 43 24 7 22 27 21 45 5 13 41 12 16 10 28 4 15 25 49 37 47 46 38 11 26 50 
LocalSearch: 5
SLF Integral: 5

1 40 33 9 46 4 8 26 37 2 22 44 19 21 41 3 10 47 39 24 23 17 32 13 49 12 25 43 35 48 31 38 20 27 29 15 5 14 28 34 45 36 42 18 11 6 30 7 16 50 
LocalSearch: 5
SLF Integral: 4

1 33 4 27 29 37 45 48 36 18 3 12 6 11 20 32 26 25 9 43 39 47 16 42 8 22 38 30 23 7 24 10 17 49 40 34 46 35 5 14 13 2 19 21 44 15 41 28 31 50 
LocalSearch: 4
SLF Integral: 4

1 29 13 17 31 11 48 41 40 19 9 30 2 22 8 46 36 5 7 27 44 35 4 32 49 18 28 12 47 42 38 16 20 14 3 24 23 15 26 21 43 25 37 34 6 39 33 45 10 50 
LocalSearch: 5
SLF Integral: 4

1 11 3 35 2 24 33 49 23 31 20 16 25 18 13 43 5 4 10 17 7 45 27 14 40 9 15 41 12 37 44 47 26 19 32 28 38 29 6 8 42 34 48 39 46 22 36 30 21 50 
LocalSearch: 5
SLF Integral: 4

1 33 17 36 16 31 20 46 11 48 30 8 6 44 43 29 41 45 39 3 5 38 28 27 24 13 21 35 25 23 9 37 12 32 4 22 18 7 2 42 10 40 26 47 34 19 14 49 15 50 
LocalSearch: 5
SLF Integral: 4

1 23 27 14 22 44 17 13 26 21 9 39 24 38 6 2 42 35 3 12 40 11 43 30 41 8 20 16 19 31 36 7 48 46 29 33 18 45 34 25 37 47 15 32 4 49 10 5 28 50 
LocalSearch: 5
SLF Integral: 4

1 46 48 37 11 26 24 47 42 40 15 36 25 17 30 43 23 38 41 10 49 31 12 18 39 6 2 21 14 13 45 20 27 7 35 3 9 8 44 5 33 28 4 16 34 19 22 29 32 50 
LocalSearch: 4
SLF Integral: 4

1 5 4 16 37 7 35 29 33 23 49 42 12 2 26 47 22 48 36 9 44 38 34 10 18 3 25 24 11 40 45 41 21 28 15 30 27 17 6 20 31 46 32 14 19 13 43 39 8 50 
LocalSearch: 5
SLF Integral: 4

1 17 5 16 32 42 20 11 34 4 22 21 49 30 9 6 23 31 19 3 18 45 25 27 43 10 47 37 41 28 2 8 12 48 39 26 38 15 33 24 7 44 36 29 13 35 40 14 46 50 
LocalSearch: 5
SLF Integral: 4

1 42 2 16 22 11 47 6 23 37 41 40 25 28 13 30 46 12 27 34 14 3 49 9 18 4 29 21 33 15 19 44 36 45 32 39 7 5 17 24 43 35 31 26 8 38 20 10 48 50 
LocalSearch: 5
SLF Integral: 4

1 43 27 9 17 32 19 30 20 5 24 28 12 21 16 47 39 44 29 35 2 48 22 7 15 8 46 41 13 38 10 37 18 4 25 6 33 42 34 49 3 23 40 36 45 11 31 14 26 50 
LocalSearch: 4
SLF Integral: 4

1 9 46 24 13 8 41 19 21 47 28 3 44 34 45 22 15 29 12 33 42 49 26 4 18 27 37 11 7 32 20 6 35 17 23 38 25 16 14 2 30 48 5 39 36 31 40 43 10 50 
LocalSearch: 4
SLF Integral: 4

1 15 45 41 27 32 7 4 44 37 34 42 19 31 25 24 6 5 35 10 47 43 26 2 30 48 17 28 46 16 33 22 39 36 21 23 13 12 11 38 40 49 14 3 8 29 18 9 20 50 
LocalSearch: 4
SLF Integral: 4

1 16 40 10 24 44 13 6 39 46 45 5 8 18 48 32 28 41 7 30 11 29 37 42 49 25 47 19 31 17 12 14 9 3 26 15 20 4 35 23 21 38 2 34 33 27 22 43 36 50 
LocalSearch: 5
SLF Integral: 4

1 9 3 34 24 10 12 40 14 22 20 41 30 25 42 45 7 27 38 13 49 47 11 46 29 44 26 37 8 39 43 17 2 23 28 48 19 16 4 33 36 32 15 5 18 21 31 6 35 50 
LocalSearch: 6
SLF Integral: 4

1 15 47 32 9 44 33 2 23 20 8 34 28 7 18 22 6 16 43 41 10 27 35 25 45 42 17 40 21 4 46 39 48 24 12 5 13 11 30 36 31 29 37 19 26 3 14 49 38 50 
LocalSearch: 4
SLF Integral: 4

1 31 35 37 27 18 46 19 43 9 8 20 33 32 3 15 12 22 34 36 38 17 30 29 44 23 47 40 25 28 10 4 41 13 45 26 6 42 16 5 14 39 11 7 21 49 48 2 24 50 
LocalSearch: 4
SLF Integral: 4

1 15 32 43 38 8 25 23 30 28 34 36 3 22 7 40 27 21 4 14 9 33 41 10 26 46 2 35 45 44 17 48 5 20 16 18 37 19 29 31 49 24 6 11 13 42 47 39 12 50 
LocalSearch: 6
SLF Integral: 4

1 13 49 29 28 12 31 8 14 41 43 36 15 2 16 7 22 39 33 45 42 35 21 38 20 5 46 9 40 34 19 10 48 30 17 47 23 26 25 44 37 3 27 32 24 11 4 18 6 50 
LocalSearch: 5
SLF Integral: 4

1 4 35 10 5 18 37 25 46 28 34 38 43 33 47 3 6 9 48 45 17 22 24 20 49 11 23 40 39 26 14 42 12 15 13 29 8 31 36 19 7 2 27 44 41 32 16 30 21 50 
LocalSearch: 4
SLF Integral: 4

1 41 27 12 46 17 7 26 42 15 30 37 29 22 31 33 19 18 43 47 4 24 28 48 35 23 49 6 10 36 21 45 5 2 34 14 40 16 3 13 39 20 8 38 11 32 9 44 25 50 
LocalSearch: 6
SLF Integral: 4

1 19 25 46 30 20 39 47 36 17 14 7 2 33 15 13 23 12 27 8 26 9 41 48 34 37 43 35 49 31 21 18 22 11 44 3 29 24 38 4 10 16 28 6 40 5 42 45 32 50 
LocalSearch: 5
SLF Integral: 3

1 18 45 17 13 4 32 2 28 42 23 9 7 22 31 37 10 6 39 15 27 8 20 3 5 12 49 48 29 19 38 30 47 33 43 24 36 34 26 14 46 11 41 16 40 25 21 35 44 50 
LocalSearch: 5
SLF Integral: 4

1 45 31 33 17 49 13 3 37 43 23 6 39 41 26 28 2 16 44 40 19 22 9 29 7 36 21 25 34 48 8 24 46 11 30 14 32 20 12 15 5 42 35 18 10 4 47 27 38 50 
LocalSearch: 4
SLF Integral: 4

1 9 45 24 15 13 23 42 35 31 37 19 38 2 46 26 16 25 7 49 47 43 11 27 5 18 33 22 6 44 14 20 32 34 29 4 10 40 12 39 36 48 21 8 28 17 3 30 41 50 
LocalSearch: 4
SLF Integral: 4

1 23 35 4 8 15 13 30 26 20 41 22 34 33 10 27 40 47 12 5 29 42 7 31 6 44 25 39 24 45 16 18 2 28 32 49 37 19 48 17 9 3 46 43 36 11 21 14 38 50 
LocalSearch: 5
SLF Integral: 4

1 36 22 7 15 14 48 43 11 31 21 17 24 30 39 19 6 32 8 12 25 16 35 49 40 44 4 33 42 20 3 47 9 28 2 27 29 18 13 26 23 46 38 34 37 41 5 45 10 50 
LocalSearch: 5
SLF Integral: 4

1 49 13 26 18 9 37 40 4 48 6 27 14 36 41 45 2 19 38 8 32 34 33 47 12 15 20 7 11 30 46 29 17 23 31 35 22 44 24 10 25 43 21 16 5 3 39 28 42 50 
LocalSearch: 4
SLF Integral: 4

1 23 2 10 43 15 40 42 45 14 9 28 6 29 19 12 5 49 8 48 35 32 31 16 25 13 17 36 20 22 44 39 11 38 30 37 27 47 7 41 26 46 21 18 3 33 24 34 4 50 
LocalSearch: 5
SLF Integral: 5

1 44 22 35 10 33 19 13 25 5 16 40 2 34 24 27 8 30 38 17 28 18 23 43 46 36 6 39 26 21 48 20 29 45 12 37 42 47 4 32 49 7 9 41 31 15 3 14 11 50 
LocalSearch: 5
SLF Integral: 4

1 16 30 26 46 23 41 35 28 9 31 15 37 25 12 47 21 3 19 34 4 24 18 17 13 49 14 39 45 32 6 5 36 38 2 33 22 29 11 8 20 42 44 40 27 10 7 43 48 50 
LocalSearch: 6
SLF Integral: 4

1 22 20 29 26 46 33 8 35 32 47 10 38 24 21 48 9 42 13 37 12 31 27 19 45 39 30 4 11 16 18 6 34 15 41 23 40 49 43 25 2 5 28 14 3 17 7 44 36 50 
LocalSearch: 4
SLF Integral: 4

1 14 22 39 24 46 32 44 17 8 40 25 37 36 28 15 30 6 16 33 23 31 3 18 41 27 26 10 9 19 47 4 34 21 35 20 2 42 48 29 38 45 43 49 5 7 11 13 12 50 
LocalSearch: 4
SLF Integral: 4

1 9 41 16 12 31 37 47 5 27 38 11 40 3 8 43 19 36 7 17 29 32 48 25 14 26 33 49 42 20 6 21 46 18 23 4 44 39 10 15 30 34 13 22 35 2 24 45 28 50 
LocalSearch: 4
SLF Integral: 4

1 27 39 38 17 47 15 10 26 33 6 16 7 37 11 46 45 28 18 34 42 44 21 43 32 3 30 25 19 49 23 8 12 9 14 24 41 48 2 5 20 29 31 35 40 36 13 4 22 50 
LocalSearch: 5
SLF Integral: 4

1 34 43 23 47 32 22 39 12 14 25 21 28 46 11 42 18 6 29 40 5 15 8 30 24 45 37 36 3 35 38 41 13 10 48 44 31 17 2 4 20 33 26 16 19 7 9 49 27 50 
LocalSearch: 5
SLF Integral: 4

1 19 23 49 4 31 11 28 38 9 41 24 40 30 27 18 6 2 17 37 15 14 26 5 36 48 3 21 25 45 43 12 47 33 16 35 32 44 39 34 42 22 8 46 13 10 7 29 20 50 
LocalSearch: 5
SLF Integral: 5

1 11 18 35 10 2 20 30 7 37 47 15 45 12 21 25 42 41 19 32 5 26 43 46 44 8 27 16 49 40 6 48 24 22 14 38 33 39 28 36 17 31 9 13 23 3 34 4 29 50 
LocalSearch: 5
SLF Integral: 4

1 16 18 14 20 39 13 8 44 38 30 15 24 17 3 46 32 48 26 40 45 41 34 6 12 9 47 23 33 36 5 29 35 25 37 19 4 7 31 49 21 11 43 42 10 28 22 27 2 50 
LocalSearch: 4
SLF Integral: 4

1 40 2 35 8 11 4 3 21 25 18 7 32 24 48 30 44 16 33 43 29 17 12 10 15 34 42 36 13 5 26 31 49 20 45 19 27 47 6 37 14 39 9 23 38 22 28 46 41 50 
LocalSearch: 4
SLF Integral: 4

1 39 19 22 47 33 12 27 37 11 24 40 31 5 20 13 38 25 32 18 7 14 34 17 35 30 49 21 8 41 3 44 4 45 28 2 42 46 10 26 15 23 6 36 29 43 48 16 9 50 
LocalSearch: 4
SLF Integral: 4

1 35 19 16 3 17 47 15 18 36 20 9 11 4 30 8 25 2 32 22 24 41 43 27 45 40 28 6 46 38 42 37 26 7 49 44 31 14 33 12 21 48 5 10 29 39 23 13 34 50 
LocalSearch: 4
SLF Integral: 4

1 37 4 19 8 12 41 48 40 35 38 23 44 31 25 21 11 14 39 42 10 49 13 5 47 16 9 6 24 33 18 30 22 3 29 26 15 28 27 46 17 43 45 32 36 20 34 2 7 50 
LocalSearch: 6
SLF Integral: 4

1 49 9 8 10 15 43 35 19 22 38 6 46 17 27 37 34 47 11 16 42 31 20 32 48 26 24 21 44 4 40 36 5 14 18 23 2 7 29 3 45 30 39 28 33 41 13 12 25 50 
LocalSearch: 4
SLF Integral: 4

1 4 44 13 32 10 20 25 41 19 6 12 36 42 14 27 29 23 18 34 7 31 33 5 35 22 48 28 43 15 39 11 21 26 45 2 17 37 30 9 24 3 40 47 8 16 49 46 38 50 
LocalSearch: 3
SLF Integral: 3

1 10 13 40 42 20 23 8 26 44 43 6 19 47 28 11 34 45 39 17 29 38 22 25 37 46 14 32 36 7 16 5 24 18 49 27 35 15 41 48 31 30 21 12 2 33 9 4 3 50 
LocalSearch: 5
SLF Integral: 4

1 24 38 42 45 44 6 39 4 47 36 28 12 8 17 11 9 15 2 21 30 7 49 48 16 14 32 34 22 20 40 46 27 37 5 10 33 25 43 13 18 41 26 29 35 31 23 19 3 50 
LocalSearch: 5
SLF Integral: 4

1 5 17 8 3 34 22 32 16 13 21 10 49 43 47 4 36 15 39 23 44 37 40 14 28 31 42 12 45 7 33 27 26 30 2 41 38 6 25 24 35 29 11 20 9 48 18 46 19 50 
LocalSearch: 6
SLF Integral: 4

1 18 7 17 34 40 32 23 9 30 44 3 27 33 31 37 26 12 46 39 11 48 43 29 22 4 25 45 20 28 16 2 15 5 38 49 14 24 13 8 19 21 6 42 47 36 41 35 10 50 
LocalSearch: 5
SLF Integral: 4

1 41 11 4 2 43 36 27 8 48 12 47 20 34 37 3 17 23 25 38 22 45 32 15 5 26 16 49 7 31 13 21 19 42 28 44 30 24 35 6 33 18 46 9 40 29 14 39 10 50 
LocalSearch: 4
SLF Integral: 4

1 48 27 22 18 8 26 15 24 3 49 10 33 21 16 42 40 9 46 30 35 29 17 2 41 31 45 11 38 6 43 37 12 7 34 14 32 4 36 19 44 23 39 25 5 13 28 20 47 50 
LocalSearch: 6
SLF Integral: 4

1 45 41 8 28 39 21 13 4 48 27 3 24 46 17 40 38 32 20 26 16 11 22 2 30 36 10 29 25 23 44 9 34 47 14 5 37 12 33 49 35 42 6 15 19 31 18 43 7 50 
LocalSearch: 5
SLF Integral: 4

1 3 23 6 34 8 29 49 27 17 20 14 47 35 41 2 33 42 44 26 21 48 39 24 28 32 9 30 25 4 40 43 12 15 31 10 7 46 36 18 5 38 13 16 45 19 22 11 37 50 
LocalSearch: 5
SLF Integral: 4

1 35 16 21 24 20 38 32 25 12 7 23 13 39 31 26 17 42 28 3 29 27 14 43 8 33 44 10 41 47 18 6 49 22 5 9 34 40 46 45 36 19 48 15 30 11 37 2 4 50 
LocalSearch: 5
SLF Integral: 4

1 44 7 38 49 27 33 39 37 32 35 17 3 42 20 48 46 8 6 29 22 26 15 11 41 31 36 40 47 5 34 25 2 12 45 4 21 43 19 16 24 9 30 28 23 14 18 10 13 50 
LocalSearch: 4
SLF Integral: 4

1 6 34 10 45 40 4 39 15 23 21 29 8 14 26 36 35 18 28 37 47 33 41 16 48 27 49 44 20 5 2 12 22 25 43 38 7 11 31 13 30 17 42 9 32 46 24 3 19 50 
LocalSearch: 5
SLF Integral: 4

1 44 7 43 2 33 21 5 23 3 29 48 35 26 37 49 36 19 22 10 14 38 42 16 15 32 30 12 17 31 13 39 6 8 25 9 47 11 40 24 27 34 41 18 45 28 4 46 20 50 
LocalSearch: 4
SLF Integral: 4

1 47 10 37 48 43 35 21 15 49 45 29 17 38 11 3 9 27 33 2 39 18 4 16 26 23 41 6 25 36 24 44 30 20 22 13 34 19 40 42 7 46 28 12 8 32 5 31 14 50 
LocalSearch: 5
SLF Integral: 4

1 6 3 27 11 15 37 25 5 44 16 7 29 14 23 30 32 47 2 45 17 28 35 40 43 4 18 34 42 49 36 33 38 9 8 12 41 10 22 13 48 26 20 46 39 19 24 21 31 50 
LocalSearch: 5
SLF Integral: 4

1 18 10 35 21 46 11 22 49 43 41 33 28 48 5 37 30 26 23 3 36 25 32 20 42 45 8 17 13 47 9 4 7 12 40 44 27 15 2 14 34 19 24 38 16 39 31 6 29 50 
LocalSearch: 6
SLF Integral: 5

1 49 44 33 37 12 48 27 8 32 19 23 13 3 43 16 41 6 46 18 45 5 26 11 34 31 17 47 21 30 15 29 2 22 36 24 35 38 25 42 7 14 10 28 20 4 39 9 40 50 
LocalSearch: 5
SLF Integral: 4

1 25 11 8 29 21 32 49 41 24 12 30 4 48 6 20 45 17 38 42 35 16 5 47 40 28 34 23 9 44 39 13 31 22 7 14 18 15 26 46 10 37 33 19 2 36 43 3 27 50 
LocalSearch: 5
SLF Integral: 4

1 17 39 48 8 29 2 18 30 23 26 38 37 12 43 14 47 7 3 49 13 19 28 34 32 11 4 44 33 45 15 5 21 40 25 35 22 36 10 20 27 16 46 42 41 31 6 9 24 50 
LocalSearch: 4
SLF Integral: 4

1 19 12 9 18 32 14 47 6 30 43 40 31 33 13 11 21 24 29 5 4 3 23 42 7 46 26 41 20 27 2 15 25 22 28 35 38 34 49 16 10 37 39 44 36 45 48 17 8 50 
LocalSearch: 5
SLF Integral: 4

1 19 24 48 32 18 31 46 45 40 9 5 30 22 2 4 26 11 10 14 34 23 38 3 47 6 37 25 43 8 17 41 35 29 15 36 7 42 33 27 21 12 49 13 16 28 44 39 20 50 
LocalSearch: 5
SLF Integral: 5

1 48 4 28 7 17 44 49 16 34 43 36 9 26 6 5 14 35 47 24 19 10 32 40 29 2 25 31 8 13 46 21 37 30 33 12 23 39 41 38 22 20 42 11 3 15 27 45 18 50 
LocalSearch: 5
SLF Integral: 4

1 33 7 27 18 34 26 39 35 38 42 29 23 10 17 24 5 12 48 41 40 47 22 32 20 14 36 25 3 15 28 6 30 2 44 21 37 49 19 11 9 31 45 8 4 46 16 43 13 50 
LocalSearch: 4
SLF Integral: 4

1 20 8 38 9 23 15 12 35 30 34 31 5 17 33 4 25 27 3 11 36 39 28 37 47 46 26 32 19 14 49 48 40 22 45 16 18 42 6 43 10 7 13 41 21 24 29 44 2 50 
LocalSearch: 5
SLF Integral: 4

1 29 5 19 26 13 20 10 27 40 23 15 17 12 3 7 30 22 45 41 2 14 24 49 44 33 4 37 43 11 38 42 34 31 28 47 46 32 36 39 6 48 16 21 9 25 18 8 35 50 
LocalSearch: 6
SLF Integral: 4

1 12 35 27 5 29 28 36 43 11 15 2 32 31 24 46 17 16 49 3 6 33 30 41 45 25 18 13 42 38 34 19 37 40 44 26 23 39 22 20 4 48 8 47 9 14 21 7 10 50 
LocalSearch: 5
SLF Integral: 5

1 37 24 29 46 30 23 11 9 25 42 5 21 41 12 39 16 45 17 15 36 49 14 48 19 10 3 31 18 38 8 20 26 47 35 6 32 40 7 13 43 4 27 2 34 44 33 28 22 50 
LocalSearch: 5
SLF Integral: 4

1 38 10 48 14 5 25 21 46 18 23 41 49 37 24 15 34 11 17 7 43 22 8 2 26 16 27 35 40 13 3 6 28 31 30 33 39 20 47 12 4 19 42 44 9 36 29 45 32 50 
LocalSearch: 4
SLF Integral: 4

1 47 8 17 6 33 11 4 26 38 45 29 20 5 36 15 27 2 48 42 12 16 44 24 43 14 9 32 7 13 37 31 34 25 10 41 40 19 21 35 28 49 30 39 23 46 22 3 18 50 
LocalSearch: 5
SLF Integral: 4

1 3 16 13 23 27 40 48 4 34 28 41 18 10 42 31 36 49 25 43 21 8 11 46 7 6 33 37 20 17 38 22 30 14 9 35 19 32 15 29 2 12 5 47 44 26 24 45 39 50 
LocalSearch: 4
SLF Integral: 4

1 14 27 40 49 30 47 9 28 7 10 20 46 2 24 3 36 42 38 17 39 34 12 19 26 23 41 31 6 16 4 8 45 29 44 37 13 33 43 5 15 21 18 25 48 22 11 32 35 50 
LocalSearch: 5
SLF Integral: 4

1 9 33 16 20 45 14 11 3 40 37 24 31 36 27 46 12 6 13 17 25 41 32 44 2 4 18 49 38 28 48 8 42 5 22 47 30 29 15 43 26 23 7 39 21 10 35 34 19 50 
LocalSearch: 5
SLF Integral: 4

1 11 44 24 32 42 37 25 39 12 16 49 19 5 4 15 18 21 26 34 41 33 13 38 30 27 20 2 31 10 23 17 6 45 3 8 29 48 35 43 9 46 36 28 14 22 47 7 40 50 
LocalSearch: 4
SLF Integral: 4

1 41 48 14 45 37 22 32 7 21 43 13 29 24 28 12 44 42 20 33 47 3 16 6 35 49 34 27 39 19 8 36 10 38 9 23 4 46 26 18 40 11 15 5 17 30 2 31 25 50 
LocalSearch: 4
SLF Integral: 4

1 39 9 27 3 34 19 16 7 26 36 25 6 45 43 31 14 21 8 13 12 4 37 28 42 17 49 15 18 24 41 22 29 35 2 46 11 23 20 30 33 5 48 38 47 10 32 44 40 50 
LocalSearch: 5
SLF Integral: 5

1 19 32 17 41 44 8 27 3 48 39 13 22 21 16 37 28 7 5 23 34 47 29 2 18 10 38 45 25 36 31 12 30 49 11 4 43 40 46 35 42 33 14 24 26 6 20 9 15 50 
LocalSearch: 4
SLF Integral: 4

1 17 25 43 15 47 36 11 49 37 44 13 29 12 41 28 38 5 8 19 26 22 18 31 24 14 35 4 2 23 42 6 20 48 30 10 21 45 3 40 34 46 32 7 9 27 39 33 16 50 
LocalSearch: 5
SLF Integral: 5

1 5 22 30 32 6 15 45 47 23 20 44 9 37 29 10 39 17 24 12 21 16 26 7 14 3 13 8 38 35 42 40 27 43 25 48 28 41 4 31 18 34 33 2 36 49 11 19 46 50 
LocalSearch: 4
SLF Integral: 4

1 3 10 4 17 20 48 33 38 40 26 7 15 19 46 23 22 41 30 2 43 21 32 6 35 29 14 24 44 12 28 9 36 34 16 27 39 45 47 42 5 8 13 49 37 25 11 31 18 50 
LocalSearch: 4
SLF Integral: 4

1 32 12 2 33 45 13 31 41 46 21 49 43 22 14 48 4 23 8 7 16 30 9 37 3 19 6 47 40 42 15 24 36 28 20 18 17 29 10 35 34 44 11 5 26 25 39 27 38 50 
LocalSearch: 4
SLF Integral: 4

1 40 6 31 24 36 10 17 30 39 12 37 4 44 43 9 47 38 35 45 14 8 29 34 42 21 7 32 41 18 15 11 16 3 25 46 19 2 49 28 27 22 26 20 33 5 13 23 48 50 
LocalSearch: 5
SLF Integral: 4

1 34 32 45 26 2 46 38 42 47 15 43 8 35 18 49 44 33 22 48 21 28 7 30 3 39 29 27 14 16 9 11 13 12 23 20 41 10 4 19 31 6 40 37 17 24 5 36 25 50 
LocalSearch: 5
SLF Integral: 4

1 44 28 24 49 20 5 17 35 39 4 40 48 43 22 11 13 32 46 31 16 29 33 36 10 19 25 38 45 27 12 41 7 26 47 6 14 37 9 8 21 42 3 18 34 23 15 2 30 50 
LocalSearch: 5
SLF Integral: 4

1 15 38 30 27 49 24 46 21 11 20 9 32 7 16 26 36 35 6 34 17 42 10 33 45 47 37 29 31 25 28 48 13 41 3 23 44 12 40 18 4 43 5 39 8 19 22 2 14 50 
LocalSearch: 5
SLF Integral: 4

1 30 7 22 42 45 47 16 12 38 27 20 36 18 43 48 25 19 49 6 31 35 23 39 14 34 44 10 2 46 4 29 9 32 41 37 28 15 33 8 13 17 40 21 3 5 26 11 24 50 
LocalSearch: 5
SLF Integral: 4

1 34 46 12 23 39 27 3 48 2 4 20 35 24 7 44 18 5 49 43 25 32 26 36 22 9 31 30 19 29 33 21 16 38 41 15 37 6 13 28 45 42 8 47 14 10 17 40 11 50 
LocalSearch: 5
SLF Integral: 4

1 48 19 17 13 2 10 42 12 29 14 36 23 34 47 33 6 4 26 38 25 21 9 30 20 43 45 8 24 27 41 32 49 18 3 22 46 11 7 16 44 5 28 31 40 15 35 39 37 50 
LocalSearch: 4
SLF Integral: 4

1 18 40 28 31 45 38 14 9 33 35 3 20 48 19 21 4 12 24 42 30 37 49 8 46 6 16 32 29 13 5 47 2 43 27 26 25 41 11 7 15 36 23 44 39 17 34 22 10 50 
LocalSearch: 5
SLF Integral: 4

1 26 36 16 34 8 25 35 37 3 18 48 42 19 15 33 27 10 12 32 30 9 47 24 39 5 46 29 22 43 2 7 17 20 28 23 49 11 4 13 44 38 45 21 31 40 6 14 41 50 
LocalSearch: 4
SLF Integral: 3

1 7 19 41 32 10 24 43 6 9 20 28 47 14 26 45 3 5 33 38 42 8 2 4 21 34 37 36 35 22 12 49 23 46 15 44 18 17 11 40 29 48 25 31 39 13 27 30 16 50 
LocalSearch: 6
SLF Integral: 5

1 18 38 5 49 47 8 30 23 45 22 42 9 25 10 3 26 39 15 4 14 48 27 20 31 6 24 44 40 12 41 46 32 29 28 43 37 7 13 16 34 36 11 33 2 17 19 21 35 50 
LocalSearch: 6
SLF Integral: 4

1 33 3 49 15 13 10 29 4 44 46 39 14 22 2 48 7 35 30 18 47 21 8 45 19 28 26 31 16 9 41 24 20 43 5 25 17 6 34 37 12 42 36 40 23 38 11 32 27 50 
LocalSearch: 7
SLF Integral: 4

1 11 21 9 28 17 3 44 43 5 31 29 8 38 30 10 25 2 32 24 19 12 35 13 16 46 20 34 37 6 42 27 39 45 7 26 15 4 14 22 49 36 40 48 47 18 33 41 23 50 
LocalSearch: 5
SLF Integral: 4

1 14 46 30 4 26 39 28 36 8 31 27 10 40 43 3 25 24 37 17 2 23 13 34 44 19 29 45 12 6 18 48 47 11 16 9 20 38 41 49 15 33 7 32 5 22 35 21 42 50 
LocalSearch: 4
SLF Integral: 4

1 45 42 25 18 13 12 9 47 23 28 46 37 48 21 8 32 15 34 3 49 44 29 10 5 31 22 14 19 41 24 43 27 11 20 7 35 38 36 4 6 39 16 40 2 30 33 26 17 50 
LocalSearch: 5
SLF Integral: 4

1 47 14 4 3 49 36 17 27 19 44 12 29 2 25 48 11 42 5 41 22 9 45 28 31 46 33 7 6 18 34 10 23 35 39 24 21 15 8 26 20 30 38 13 40 43 16 37 32 50 
LocalSearch: 5
SLF Integral: 4

1 44 26 10 30 42 47 29 35 43 36 17 5 23 12 24 4 9 22 18 15 38 13 8 16 45 31 14 2 39 34 6 27 40 28 33 32 37 19 41 11 49 46 3 7 21 20 48 25 50 
LocalSearch: 4
SLF Integral: 3

1 15 20 18 32 49 4 35 46 41 12 23 19 14 5 8 33 7 37 48 9 28 38 43 13 40 24 42 16 36 22 2 45 3 39 47 25 30 27 31 44 10 29 34 26 11 17 6 21 50 
LocalSearch: 4
SLF Integral: 4

1 6 20 41 46 45 29 7 3 47 16 39 42 27 26 38 2 28 17 24 40 31 15 14 36 9 32 22 33 43 30 11 35 34 44 8 37 12 18 23 49 21 13 19 48 4 10 25 5 50 
LocalSearch: 4
SLF Integral: 4

1 11 6 44 35 8 32 7 37 15 43 2 26 24 48 9 30 29 49 22 21 36 27 40 5 20 46 42 33 41 16 4 45 39 10 19 18 34 17 23 47 12 14 31 28 3 38 13 25 50 
LocalSearch: 4
SLF Integral: 4

1 27 42 38 16 30 14 21 23 15 46 2 36 35 20 11 37 7 18 39 49 4 41 6 43 34 25 5 32 47 24 40 9 45 28 10 17 8 26 29 22 12 48 31 33 44 19 13 3 50 
LocalSearch: 5
SLF Integral: 4

1 41 5 46 38 47 49 7 22 13 19 21 33 44 32 18 27 12 23 2 48 43 35 3 9 30 16 26 40 15 31 25 4 6 45 17 8 20 36 34 24 37 42 28 11 14 10 29 39 50 
LocalSearch: 5
SLF Integral: 4

1 37 23 3 38 49 8 16 40 27 7 36 22 12 32 31 30 24 5 9 17 41 20 48 13 11 33 14 18 46 25 45 2 4 43 35 6 29 28 10 34 19 39 26 44 42 21 47 15 50 
LocalSearch: 5
SLF Integral: 5

1 24 14 42 28 8 17 9 49 38 36 20 22 30 3 40 29 18 11 48 4 31 7 2 23 37 34 33 46 10 13 41 6 45 12 16 15 27 32 26 21 25 44 47 43 35 19 5 39 50 
LocalSearch: 5
SLF Integral: 4

1 47 5 13 42 45 26 39 43 4 28 33 20 23 34 48 9 19 31 17 41 6 35 10 40 30 38 32 7 44 21 29 22 25 3 16 36 2 49 14 18 37 11 27 12 24 8 46 15 50 
LocalSearch: 4
SLF Integral: 4

1 35 41 38 19 10 22 29 17 11 46 44 13 15 48 27 2 4 16 31 37 42 28 33 32 8 34 3 24 45 12 43 40 21 39 47 5 18 26 6 30 20 36 14 7 25 9 49 23 50 
LocalSearch: 5
SLF Integral: 4

1 11 5 42 22 7 47 35 45 30 19 10 27 41 39 37 28 2 44 29 25 49 34 31 26 21 36 4 20 48 24 18 3 33 14 13 46 9 43 38 17 6 16 8 32 15 12 23 40 50 
LocalSearch: 6
SLF Integral: 5

1 22 45 4 49 34 3 31 44 38 35 7 17 25 20 33 14 10 29 21 41 5 19 2 42 8 47 11 27 16 48 37 28 36 40 13 23 9 30 6 43 15 46 12 24 18 39 26 32 50 
LocalSearch: 5
SLF Integral: 4

1 7 27 43 19 17 22 40 38 36 14 23 4 33 35 12 49 6 20 46 48 2 30 18 24 26 11 44 42 47 3 16 13 31 10 45 41 37 25 21 32 29 39 15 9 34 28 5 8 50 
LocalSearch: 5
SLF Integral: 5

1 10 23 30 47 24 17 11 20 40 19 43 49 21 9 35 18 25 6 5 44 39 34 16 37 15 28 38 32 2 7 33 26 4 31 14 12 45 22 13 42 29 36 3 41 46 8 27 48 50 
LocalSearch: 5
SLF Integral: 4

1 40 44 10 37 42 6 12 15 25 20 46 19 38 21 45 23 33 11 8 24 2 13 35 18 3 48 9 17 16 26 49 34 5 29 7 41 30 14 39 36 31 27 43 22 47 4 32 28 50 
LocalSearch: 4
SLF Integral: 4

1 41 13 44 11 27 3 29 36 38 6 26 30 16 5 45 33 23 8 7 12 21 42 47 10 43 19 24 15 37 18 35 2 49 31 25 32 34 28 40 48 20 4 46 22 14 39 17 9 50 
LocalSearch: 5
SLF Integral: 4

1 17 46 30 27 14 29 34 47 18 48 16 20 7 32 19 38 5 15 12 6 23 42 9 26 8 37 3 35 41 28 25 11 45 39 31 44 33 10 22 36 4 13 43 49 21 2 24 40 50 
LocalSearch: 4
SLF Integral: 4

1 6 42 37 3 30 43 13 9 29 15 40 45 20 10 22 2 34 32 48 47 36 39 31 33 26 16 19 27 21 38 35 14 17 24 12 25 28 18 41 5 49 23 7 46 44 4 11 8 50 
LocalSearch: 5
SLF Integral: 4

1 10 22 9 29 11 35 17 26 30 28 41 33 12 34 19 32 47 3 15 6 25 38 23 43 20 37 40 44 27 46 48 7 5 2 13 42 39 21 18 8 4 49 16 14 24 31 36 45 50 
LocalSearch: 4
SLF Integral: 3

1 27 38 9 33 14 26 5 40 20 12 46 43 47 2 32 7 36 21 19 10 15 44 25 6 24 31 35 30 4 13 45 8 29 34 11 49 41 17 42 37 22 3 16 18 39 28 48 23 50 
LocalSearch: 4
SLF Integral: 4

1 33 26 36 46 12 49 18 16 2 9 25 41 43 6 20 44 22 4 7 11 31 24 19 21 35 30 15 29 3 40 5 14 8 47 17 13 37 28 45 32 48 38 34 39 42 27 23 10 50 
LocalSearch: 5
SLF Integral: 4

1 7 10 2 16 20 12 28 35 40 17 9 31 26 29 21 37 18 43 47 8 45 36 19 32 41 22 44 42 49 27 14 4 11 15 24 46 3 6 33 48 34 30 38 23 25 39 13 5 50 
LocalSearch: 4
SLF Integral: 4

1 23 15 25 44 46 27 11 36 20 17 38 3 40 19 48 21 7 12 43 9 31 29 42 8 45 2 30 32 13 47 49 39 14 18 34 5 24 41 35 26 22 28 37 16 4 6 33 10 50 
LocalSearch: 4
SLF Integral: 4

1 24 9 49 30 25 23 18 39 10 5 47 32 15 37 41 34 12 7 13 2 19 11 8 4 42 33 22 36 40 6 17 26 21 43 38 46 44 20 45 3 14 48 28 31 35 16 27 29 50 
LocalSearch: 4
SLF Integral: 4

1 36 18 39 29 35 8 17 30 45 22 14 10 27 6 23 11 5 37 16 13 4 41 48 21 49 46 9 32 28 44 26 33 31 43 34 38 12 25 40 3 47 7 42 24 2 20 15 19 50 
LocalSearch: 4
SLF Integral: 4

1 49 13 32 4 16 44 36 35 33 23 9 12 34 45 30 18 29 15 6 21 31 41 3 25 39 38 26 46 11 5 27 20 48 10 8 40 22 43 24 19 14 7 2 17 42 47 28 37 50 
LocalSearch: 4
SLF Integral: 4

1 44 26 14 37 9 20 36 43 33 39 7 45 29 17 34 49 5 11 21 27 38 10 24 22 47 16 12 31 42 8 40 3 32 18 23 48 30 41 35 19 13 2 6 28 15 25 46 4 50 
LocalSearch: 5
SLF Integral: 4

1 21 20 3 44 12 26 8 16 33 24 42 22 41 9 28 18 36 46 43 47 34 10 48 13 30 27 15 40 32 2 7 31 11 23 5 17 45 35 39 38 14 4 49 25 29 37 19 6 50 
LocalSearch: 5
SLF Integral: 4

1 15 48 20 45 25 49 37 35 21 16 7 5 4 2 44 12 10 17 30 13 11 3 28 22 36 8 39 41 18 33 43 42 24 34 9 14 31 38 47 6 23 40 29 46 26 19 27 32 50 
LocalSearch: 4
SLF Integral: 4

1 33 5 23 20 28 9 35 37 13 22 45 2 47 12 49 46 39 25 3 15 10 29 40 16 8 41 6 32 7 43 38 18 48 11 31 42 26 36 17 34 19 44 14 21 27 4 30 24 50 
LocalSearch: 4
SLF Integral: 4

1 41 47 26 34 33 28 8 44 9 27 49 29 48 24 3 2 11 19 37 36 23 31 7 40 4 22 15 39 12 18 45 16 10 6 5 21 32 42 35 43 13 38 46 17 25 14 20 30 50 
LocalSearch: 6
SLF Integral: 3

1 40 19 7 23 20 4 42 29 41 30 2 9 14 45 13 44 24 47 27 18 5 48 28 10 38 49 17 26 15 21 46 16 6 22 32 43 37 3 11 8 39 36 25 12 35 31 34 33 50 
LocalSearch: 6
SLF Integral: 4

1 38 7 48 41 2 39 45 4 34 10 47 46 20 36 23 35 13 8 3 22 49 6 18 31 40 24 28 27 12 29 5 14 43 37 30 15 19 11 42 33 32 16 21 25 44 17 26 9 50 
LocalSearch: 5
SLF Integral: 4

1 39 19 25 37 9 18 29 36 13 7 17 47 33 35 44 34 15 2 23 32 21 30 22 27 5 26 48 3 12 46 38 28 41 8 16 31 24 4 49 6 42 14 20 40 43 45 11 10 50 
LocalSearch: 4
SLF Integral: 4

1 43 19 23 48 26 31 10 22 35 32 17 39 27 45 18 33 42 12 4 3 2 25 7 28 36 49 5 34 29 24 9 30 40 8 11 14 16 15 38 13 41 6 20 46 21 37 44 47 50 
LocalSearch: 4
SLF Integral: 4

1 27 13 11 25 18 37 28 3 36 47 33 43 16 30 10 6 45 42 29 12 2 21 32 5 9 17 41 23 35 44 39 26 7 34 40 48 22 24 31 19 46 38 8 49 15 20 14 4 50 
LocalSearch: 4
SLF Integral: 4

1 43 21 15 25 4 40 30 10 19 3 5 47 29 24 17 8 49 39 42 26 33 2 37 27 41 18 45 11 9 31 12 23 36 34 6 35 16 13 44 7 14 32 38 28 48 22 20 46 50 
LocalSearch: 4
SLF Integral: 4

1 27 37 9 36 20 5 18 8 26 16 13 21 25 45 40 3 43 34 24 4 15 41 33 11 28 38 12 29 14 48 31 10 32 44 46 35 17 30 7 42 49 6 19 2 39 23 22 47 50 
LocalSearch: 3
SLF Integral: 3

1 19 46 38 16 27 13 5 42 3 40 7 37 29 6 14 28 45 20 49 30 47 33 32 9 18 41 35 44 11 25 2 8 39 4 15 12 31 43 26 36 10 23 48 24 22 21 34 17 50 
LocalSearch: 5
SLF Integral: 4

1 29 44 43 25 12 11 36 41 27 5 15 33 38 16 14 4 19 13 49 2 28 48 3 34 9 37 18 40 6 46 7 23 22 26 31 45 8 39 24 30 35 42 21 32 10 17 20 47 50 
LocalSearch: 4
SLF Integral: 4

1 27 31 47 7 48 45 15 49 35 3 37 46 19 5 41 24 36 18 25 12 38 9 42 20 14 22 39 43 10 44 34 32 8 33 23 11 21 6 29 4 16 26 40 28 30 13 17 2 50 
LocalSearch: 5
SLF Integral: 4

1 37 27 4 12 17 30 28 36 23 26 24 33 18 8 43 31 14 9 25 47 10 45 29 20 11 32 21 13 2 49 35 15 5 34 3 22 44 40 48 6 39 41 38 7 19 46 16 42 50 
LocalSearch: 4
SLF Integral: 3

1 44 2 35 4 31 29 7 6 20 38 10 15 12 18 23 36 5 34 45 25 14 37 43 11 28 46 33 19 42 41 48 40 30 3 32 49 24 26 21 47 39 16 13 9 27 8 17 22 50 
LocalSearch: 4
SLF Integral: 3

1 34 48 3 16 33 40 23 39 8 41 36 42 14 12 11 37 9 45 29 15 26 32 27 30 43 46 22 6 21 47 20 17 38 49 2 44 18 5 19 25 31 24 4 10 13 35 7 28 50 
LocalSearch: 4
SLF Integral: 4

1 10 33 35 28 15 45 40 24 38 8 5 39 12 21 36 2 4 43 16 3 7 42 37 13 11 19 29 32 9 18 46 23 31 14 22 27 47 6 25 17 20 48 41 44 30 49 26 34 50 
LocalSearch: 3
SLF Integral: 3

1 26 23 10 14 11 38 17 46 15 22 47 21 32 42 2 13 3 35 45 6 9 37 29 16 30 24 48 40 5 4 18 25 49 41 34 44 19 7 33 27 43 39 12 8 28 20 31 36 50 
LocalSearch: 4
SLF Integral: 4

1 26 41 30 45 3 2 22 35 29 16 9 21 17 24 42 48 13 25 12 49 10 8 15 14 11 18 27 20 34 44 43 4 33 31 38 5 47 19 6 37 7 40 28 36 32 23 39 46 50 
LocalSearch: 4
SLF Integral: 4

1 37 3 47 21 33 6 44 38 14 11 41 5 18 30 40 24 43 36 2 48 20 39 34 46 25 27 17 19 9 35 22 31 4 16 23 42 45 8 12 15 13 28 10 32 49 7 29 26 50 
LocalSearch: 5
SLF Integral: 3

1 27 9 14 46 4 47 30 25 19 45 10 34 44 39 12 29 33 35 43 37 49 36 22 41 6 2 15 38 13 40 42 21 31 28 17 8 26 7 48 32 24 5 23 11 18 20 3 16 50 
LocalSearch: 5
SLF Integral: 4

1 9 29 43 4 48 30 20 27 42 12 26 13 31 46 36 19 33 32 7 3 22 41 34 40 10 49 16 18 35 23 11 5 25 38 6 17 21 24 14 37 44 8 39 28 15 45 2 47 50 
LocalSearch: 4
SLF Integral: 4

1 28 47 32 24 36 21 7 37 12 48 16 5 11 3 22 9 26 34 39 20 35 38 42 15 27 45 14 17 46 8 31 44 33 18 41 49 2 29 19 6 43 13 25 40 4 23 10 30 50 
LocalSearch: 4
SLF Integral: 4

1 12 49 6 29 34 38 19 43 3 31 36 26 48 5 46 41 40 7 9 28 44 24 13 22 27 10 15 42 4 30 45 39 11 17 33 2 47 20 35 14 23 16 8 25 21 18 32 37 50 
LocalSearch: 5
SLF Integral: 4

1 43 26 28 10 20 15 41 19 8 24 34 18 2 11 39 38 6 36 40 48 35 31 42 12 32 47 14 7 37 30 3 17 16 23 29 22 21 4 9 13 45 5 27 49 25 46 44 33 50 
LocalSearch: 5
SLF Integral: 5

1 5 18 37 20 10 40 2 27 6 45 24 4 48 26 39 29 49 28 17 21 43 12 30 23 14 8 41 9 3 46 32 36 38 19 34 25 11 31 16 22 15 7 13 35 33 42 44 47 50 
LocalSearch: 4
SLF Integral: 4

1 22 16 2 37 33 26 13 40 45 6 49 31 39 23 14 28 46 32 44 27 34 30 29 43 42 9 5 12 35 47 8 4 24 21 36 18 20 15 48 19 3 10 38 17 7 11 41 25 50 
LocalSearch: 5
SLF Integral: 4

1 19 25 39 18 28 2 26 40 27 17 42 37 32 45 16 47 41 30 23 14 35 29 36 21 20 5 46 15 22 44 10 48 4 38 31 8 3 43 49 6 9 33 24 11 13 12 34 7 50 
LocalSearch: 4
SLF Integral: 4

1 21 23 3 7 42 33 4 25 36 45 26 5 10 37 12 28 34 43 14 19 2 35 20 17 40 38 22 8 13 44 11 16 15 46 39 30 47 32 24 49 18 31 41 9 27 6 29 48 50 
LocalSearch: 4
SLF Integral: 4

1 45 44 9 35 33 4 30 3 28 7 31 19 32 21 12 23 10 47 49 29 36 38 15 40 42 26 43 20 24 5 48 46 17 11 6 25 13 22 18 37 2 41 39 8 16 27 14 34 50 
LocalSearch: 5
SLF Integral: 4

1 34 29 25 41 16 15 38 30 33 35 27 36 24 47 20 42 19 46 11 45 37 39 6 8 49 10 32 40 43 14 18 48 17 44 4 7 3 28 23 5 31 22 9 2 12 26 21 13 50 
LocalSearch: 5
SLF Integral: 4

1 21 48 22 24 14 46 32 18 47 43 26 23 44 4 10 39 30 20 7 5 45 9 2 27 13 12 29 35 34 28 38 19 33 37 6 3 49 16 8 41 15 42 17 40 31 36 11 25 50 
LocalSearch: 5
SLF Integral: 5

1 48 23 19 27 40 39 21 28 14 24 29 5 13 35 34 41 3 17 16 2 45 4 10 22 6 32 46 11 8 33 43 26 36 15 25 37 20 12 44 42 18 7 47 30 49 38 9 31 50 
LocalSearch: 5
SLF Integral: 4

1 16 11 13 49 46 5 47 44 38 4 21 10 6 2 9 41 7 34 20 43 12 40 32 27 25 19 45 26 39 17 30 22 8 18 14 33 36 29 23 42 31 24 48 35 15 3 37 28 50 
LocalSearch: 7
SLF Integral: 5

1 49 27 13 34 41 20 11 31 38 47 42 29 2 48 33 43 30 22 45 32 14 12 36 19 4 35 5 28 8 25 40 9 24 7 15 23 18 3 39 10 17 44 6 37 16 26 46 21 50 
LocalSearch: 4
SLF Integral: 4

1 18 3 38 16 12 7 6 37 47 29 44 33 25 45 24 43 34 30 48 35 14 5 40 23 10 32 2 8 36 21 41 20 46 27 4 26 19 11 42 31 15 9 28 13 39 49 22 17 50 
LocalSearch: 5
SLF Integral: 4

1 23 12 17 15 49 13 30 26 36 45 7 38 6 5 48 41 3 22 47 46 42 21 14 11 4 37 43 2 31 18 39 27 33 32 29 10 19 16 8 34 24 35 25 20 28 9 40 44 50 
LocalSearch: 6
SLF Integral: 4

1 43 13 47 32 8 27 40 45 42 24 21 18 39 33 15 5 17 10 34 41 20 31 48 44 37 2 26 4 9 35 38 29 49 46 14 22 16 12 36 28 30 23 7 11 3 6 19 25 50 
LocalSearch: 4
SLF Integral: 4

1 46 12 29 9 45 38 4 48 35 20 26 42 13 49 32 21 25 8 40 34 3 22 27 41 43 37 14 2 18 36 7 19 44 24 39 11 5 16 23 28 47 17 33 6 15 31 30 10 50 
LocalSearch: 6
SLF Integral: 5

Local Search: 4,5,4,4,6,6,5,5,4,5,4,4,4,6,6,6,4,4,5,6,4,5,5,5,5,5,5,4,6,4,5,5,5,5,4,5,5,5,5,4,5,5,5,4,4,4,5,6,4,4,6,5,4,6,5,5,4,4,5,5,4,5,5,6,4,4,4,5,5,5,5,4,4,4,4,6,4,3,5,5,6,5,4,6,5,5,5,4,5,4,5,5,6,5,5,4,5,5,5,4,5,6,5,5,4,5,4,5,5,4,4,5,4,5,4,4,4,5,5,5,5,5,5,4,5,4,6,6,7,5,4,5,5,4,4,4,4,5,5,5,5,4,5,6,5,5,5,4,5,4,5,4,4,5,4,4,4,4,4,5,5,4,4,6,6,5,4,4,4,4,3,5,4,5,4,4,4,3,4,4,5,5,4,4,5,5,4,5,4,4,5,5,5,5,7,4,5,6,4,6,
Opt:4,4,4,4,5,4,4,4,4,4,4,4,4,4,4,5,4,4,4,4,4,4,4,4,4,5,5,3,4,4,4,4,5,4,4,4,4,4,4,4,4,4,4,4,4,4,4,4,4,4,4,4,4,4,3,4,4,4,4,4,4,5,4,4,4,4,4,4,4,5,4,4,4,4,4,4,4,3,4,4,4,4,4,4,4,4,4,4,4,4,4,4,5,4,4,4,4,5,4,4,4,4,5,4,4,4,4,4,4,4,4,5,4,5,4,4,4,4,4,4,4,4,4,4,4,3,5,4,4,4,4,4,4,3,4,4,4,4,4,5,4,4,4,5,4,5,4,4,4,4,4,3,4,4,4,4,4,4,4,4,4,4,4,3,4,4,4,4,4,4,3,4,4,4,3,3,4,3,4,4,3,4,4,4,4,5,4,4,4,4,4,4,5,4,5,4,4,4,4,5,
